1 4 19062.9667 19108.2333
2 4 31187.3333 31232.6333
4 4 55175.4333 55220.5000
8 4 103080.3000 103125.7333
16 4 198994.2333 199040.1667
1 4096 8809.2667 8856.6000
2 4096 9089.7333 9135.9667
4 4096 9583.0333 9628.5333
8 4096 10582.7000 10628.1667
16 4096 12575.2667 12620.4667
1 32768 8748.6000 8795.8333
2 32768 8792.2333 8838.8333
4 32768 8866.8333 8913.3667
8 32768 9029.0000 9075.2333
16 32768 9349.3333 9395.2000
1 2097152 8740.5333 8787.7000
2 2097152 8745.9333 8792.3333
4 2097152 8744.9333 8791.4667
8 2097152 8743.8333 8790.4667
16 2097152 8764.3667 8811.1667
