1 4 1581551.3667 1581598.4333
2 4 3087969.6333 3088016.7667
4 4 4732015.3667 4732062.5667
8 4 9405115.1000 9405162.7667
16 4 18749375.7667 18749423.3667
1 4096 10509.4667 10555.8667
2 4096 11995.1333 12041.6667
4 4096 13611.0667 13656.3000
8 4096 18160.9667 18206.2333
16 4096 27288.7667 27334.0333
1 32768 9119.8000 9166.4667
2 32768 9316.2000 9362.6333
4 32768 9525.9333 9572.4667
8 32768 10110.2667 10156.7000
16 32768 11273.8667 11320.0333
1 2097152 5656.0667 5695.7667
2 2097152 7724.9333 7769.0333
4 2097152 8755.6000 8801.8333
8 2097152 8926.8000 8973.4667
16 2097152 8954.2333 9000.6333
