1 4 2220.1333 2244.5333
2 4 3890.1333 3914.9000
4 4 6938.8667 6963.3000
8 4 12925.4000 12951.1667
16 4 24905.8333 24930.8000
1 4096 987.6667 1013.2333
2 4096 1031.8000 1057.7000
4 4096 1092.1333 1118.2000
8 4096 1216.6000 1242.4333
16 4096 1474.2667 1499.9333
1 32768 970.9000 996.8000
2 32768 982.5000 1008.6333
4 32768 997.3333 1023.4000
8 32768 1009.8333 1035.7333
16 32768 1044.1000 1069.8667
1 2097152 966.1667 992.0667
2 2097152 972.0667 998.2333
4 2097152 968.7000 994.5667
8 2097152 969.2333 995.3333
16 2097152 974.2667 1000.2667
