1 4 165325.5333 165349.3667
2 4 322205.0000 322231.9667
4 4 522786.9667 522813.9333
8 4 1038381.1333 1038408.0000
16 4 2069928.0667 2069955.0333
1 4096 1239.9000 1266.1333
2 4096 1400.6000 1426.6333
4 4096 1605.9667 1632.1000
8 4096 2116.0667 2141.9000
16 4096 3155.5333 3181.5667
1 32768 1106.9000 1133.3000
2 32768 1123.8667 1150.4000
4 32768 1153.1333 1179.6000
8 32768 1220.6667 1246.9667
16 32768 1338.1000 1364.3000
1 2097152 669.1333 693.4667
2 2097152 949.5333 975.4667
4 2097152 1068.3000 1094.5667
8 2097152 1084.1667 1110.6333
16 2097152 1089.5000 1115.9333
