1 4 0.0394167 0.0394224
2 4 0.0384098 0.038413
4 4 0.0311605 0.0311621
8 4 0.0309462 0.030947
16 4 0.0308443 0.0308447
1 4096 0.30271 0.309115
2 4096 0.170972 0.17415
4 4096 0.0980204 0.0996155
8 4096 0.0645772 0.0653656
16 4096 0.0481496 0.0485469
1 32768 2.16191 2.21348
2 32768 1.09753 1.12344
4 32768 0.563053 0.575977
8 32768 0.298014 0.304435
16 32768 0.163342 0.166541
1 2097152 83.6417 86.6833
2 2097152 59.3458 60.9667
4 2097152 33.3844 34.2052
8 2097152 16.9401 17.3536
16 2097152 8.51172 8.71823
