1 4 0.000529321 0.000535138
2 4 0.00046374 0.000466692
4 4 0.000413589 0.000415045
8 4 0.000385207 0.000385975
16 4 0.000371126 0.000371498
1 4096 0.24113 0.247371
2 4096 0.125952 0.129114
4 4096 0.0666585 0.0682495
8 4096 0.0371277 0.0379161
16 4096 0.0224955 0.0228872
1 32768 1.89629 1.94687
2 32768 0.959473 0.984993
4 32768 0.486979 0.499707
8 32768 0.246541 0.252865
16 32768 0.127454 0.130599
1 2097152 120.771 124.008
2 2097152 60.7542 62.3896
4 2097152 30.2719 31.0802
8 2097152 15.1443 15.5521
16 2097152 7.61146 7.81458
