1 4 1766663.2667 1780541.5333
2 4 3427797.3000 3441686.5000
4 4 5591882.2667 5605763.8667
8 4 11074327.1667 11088211.1667
16 4 22060921.9667 22074795.8667
1 4096 25166.1000 33905.5000
2 4096 35567.8000 47337.9000
4 4096 42489.6667 56001.7333
8 4096 48706.0000 62576.7000
16 4096 59485.5667 73365.5333
1 32768 4560.4333 6361.0333
2 32768 8648.5000 11852.6333
4 32768 15375.6000 20930.2000
8 32768 24992.3667 33733.3333
16 32768 35146.5667 46906.7333
1 2097152 74.0000 122.3667
2 2097152 141.8000 225.0667
4 2097152 269.6333 413.5333
8 2097152 523.5000 778.3000
16 2097152 1064.2000 1545.1333
