1 4 9934.7000 10117.6333
2 4 17126.0333 17302.2333
4 4 32743.3333 32920.0333
8 4 63977.4333 64155.5333
16 4 130541.7667 130720.4667
1 4096 291.2667 398.4667
2 4096 406.0333 551.8333
4 4096 471.2333 636.5667
8 4096 511.3000 680.2000
16 4096 575.5000 744.8333
1 32768 53.5333 76.2667
2 32768 101.5333 140.2000
4 32768 181.3667 249.8333
8 32768 292.1000 400.0333
16 32768 402.2333 547.3667
1 2097152 1.0000 4.0000
2 2097152 2.0000 5.7667
4 2097152 3.4333 8.0000
8 2097152 7.0000 13.8333
16 2097152 14.2000 23.4667
