1 4 179247.1667 181024.7333
2 4 345996.9000 347775.4333
4 4 573768.7333 575544.4333
8 4 1136395.2333 1138172.6667
16 4 2261519.9333 2263301.2000
1 4096 2802.0000 3867.8333
2 4096 4019.1667 5488.3000
4 4096 4792.4000 6453.7000
8 4096 5459.9667 7162.7667
16 4096 6576.9333 8297.7667
1 32768 459.1333 633.8000
2 32768 862.7333 1190.2000
4 32768 1623.6667 2251.1667
8 32768 2794.2000 3858.7333
16 32768 3978.6000 5445.1333
1 2097152 8.2000 17.0333
2 2097152 16.9667 29.3000
4 2097152 31.8333 50.8667
8 2097152 60.9333 91.7667
16 2097152 117.4667 168.9000
