1 4 44335.7000 56205.5667
2 4 56917.1000 68883.4000
4 4 81579.1000 93541.3000
8 4 130895.8000 142865.8000
16 4 229561.0333 241517.7000
1 4096 35301.7000 47172.8333
2 4096 35727.8333 47591.3667
4 4096 36311.5000 48175.0333
8 4096 37407.5000 49275.7000
16 4096 39674.8333 51544.9000
1 32768 4605.3000 6330.3333
2 32768 4686.6667 6409.5000
4 32768 4794.0667 6516.9667
8 32768 4991.4000 6712.5667
16 32768 5397.7667 7121.9333
1 2097152 79.4333 136.4333
2 2097152 80.5000 138.5000
4 2097152 82.6000 140.3000
8 2097152 86.2667 144.0667
16 2097152 93.2667 151.2000
