1 4 5450.6000 7027.1667
2 4 7170.9000 8815.4667
4 4 10261.8000 11908.6333
8 4 16439.5000 18085.1667
16 4 28751.2333 30400.8000
1 4096 4309.9000 5883.4000
2 4096 4368.8667 5942.1000
4 4096 4444.2667 6018.4000
8 4096 4594.2667 6170.3333
16 4096 4878.6000 6453.4000
1 32768 478.6333 649.7000
2 32768 486.6667 657.3000
4 32768 495.4333 666.4000
8 32768 512.1333 683.9333
16 32768 542.2333 713.8667
1 2097152 9.0333 19.0000
2 2097152 9.0667 19.0333
4 2097152 9.0667 19.0667
8 2097152 9.0667 19.0333
16 2097152 9.0333 19.0667
