1 4 0.00132131 0.00167506
2 4 0.000848131 0.00102644
4 4 0.000607812 0.000696937
8 4 0.000487625 0.000532217
16 4 0.000427591 0.000449862
1 4096 1.07732 1.4396
2 4096 0.545163 0.726187
4 4096 0.277035 0.367546
8 4096 0.142698 0.187972
16 4096 0.0756737 0.0983141
1 32768 1.12434 1.54549
2 32768 0.572103 0.78241
4 32768 0.292607 0.397764
8 32768 0.152325 0.204851
16 32768 0.0823634 0.108672
1 2097152 1.24115 2.13177
2 2097152 0.628906 1.08203
4 2097152 0.322656 0.548047
8 2097152 0.16849 0.28138
16 2097152 0.0910808 0.147656
