1 4 0.0427359 0.0431597
2 4 0.041246 0.0414581
4 4 0.0341993 0.0343051
8 4 0.0338672 0.0339202
16 4 0.0336993 0.0337258
1 4096 0.684082 0.944295
2 4096 0.490621 0.669958
4 4096 0.292505 0.393903
8 4096 0.166625 0.21859
16 4096 0.100356 0.126614
1 32768 0.896745 1.23789
2 32768 0.842513 1.1623
4 32768 0.792806 1.0992
8 32768 0.682178 0.942074
16 32768 0.485669 0.664689
1 2097152 1.025 2.12916
2 2097152 1.06042 1.83125
4 2097152 0.994791 1.58958
8 2097152 0.952083 1.43385
16 2097152 0.917709 1.31953
