2	99.9427 0.0469 0.0096 0.0008 
6	99.9428 0.0468 0.0098 0.0006 
10	99.9423 0.0470 0.0099 0.0008 
14	99.9425 0.0471 0.0099 0.0006 
18	99.9426 0.0471 0.0098 0.0005 
22	99.9426 0.0471 0.0098 0.0005 
26	99.9424 0.0471 0.0100 0.0006 
30	99.9420 0.0473 0.0099 0.0007 
34	99.9422 0.0474 0.0098 0.0006 
38	99.9416 0.0476 0.0099 0.0009 
42	99.9422 0.0473 0.0099 0.0006 
46	99.9422 0.0472 0.0099 0.0006 
50	99.9423 0.0472 0.0099 0.0006 
54	99.9421 0.0472 0.0099 0.0008 
58	99.9420 0.0474 0.0099 0.0006 
62	99.9418 0.0475 0.0100 0.0007 
66	99.9416 0.0476 0.0101 0.0007 
70	99.9416 0.0477 0.0099 0.0008 
74	99.9410 0.0480 0.0100 0.0010 
78	99.9410 0.0483 0.0099 0.0008 
82	99.9400 0.0484 0.0103 0.0013 
86	99.9402 0.0484 0.0101 0.0012 
90	99.9404 0.0483 0.0102 0.0012 
94	99.9400 0.0489 0.0101 0.0010 
98	99.9397 0.0488 0.0102 0.0013 
102	99.9398 0.0487 0.0102 0.0013 
106	99.9396 0.0489 0.0101 0.0013 
110	99.9404 0.0483 0.0101 0.0012 
114	99.9402 0.0486 0.0101 0.0012 
118	99.9402 0.0485 0.0100 0.0012 
122	99.9391 0.0494 0.0102 0.0013 
126	99.9395 0.0491 0.0100 0.0015 
130	99.9382 0.0503 0.0099 0.0016 
134	99.9374 0.0506 0.0104 0.0016 
138	99.9377 0.0508 0.0103 0.0012 
142	99.9379 0.0507 0.0102 0.0013 
146	99.9369 0.0512 0.0103 0.0016 
150	99.9384 0.0501 0.0102 0.0013 
154	99.9368 0.0517 0.0101 0.0015 
158	99.9365 0.0520 0.0099 0.0016 
162	99.9391 0.0498 0.0098 0.0013 
166	99.9375 0.0512 0.0100 0.0013 
170	99.9364 0.0518 0.0103 0.0015 
174	99.9368 0.0516 0.0101 0.0015 
178	99.9369 0.0517 0.0101 0.0014 
182	99.9367 0.0514 0.0102 0.0017 
186	99.9371 0.0513 0.0103 0.0012 
190	99.9356 0.0526 0.0103 0.0015 
194	99.9365 0.0518 0.0103 0.0014 
198	99.9351 0.0533 0.0102 0.0013 
202	99.9343 0.0542 0.0102 0.0014 
206	99.9333 0.0545 0.0104 0.0018 
210	99.9337 0.0542 0.0101 0.0019 
214	99.9350 0.0533 0.0103 0.0014 
218	99.9344 0.0538 0.0101 0.0017 
222	99.9342 0.0540 0.0104 0.0014 
226	99.9328 0.0551 0.0106 0.0016 
230	99.9329 0.0555 0.0101 0.0015 
234	99.9328 0.0554 0.0102 0.0016 
238	99.9319 0.0563 0.0102 0.0016 
242	99.9324 0.0556 0.0106 0.0014 
246	99.9331 0.0551 0.0105 0.0013 
250	99.9342 0.0540 0.0105 0.0012 
254	99.9323 0.0560 0.0104 0.0013 
258	99.9308 0.0570 0.0106 0.0017 
262	97.4786 2.5091 0.0106 0.0018 
266	97.6155 2.3723 0.0106 0.0016 
270	97.4660 2.5220 0.0106 0.0014 
274	97.5113 2.4767 0.0104 0.0015 
278	97.6324 2.3561 0.0100 0.0015 
282	97.7847 2.2032 0.0106 0.0015 
286	97.8949 2.0931 0.0106 0.0013 
290	98.3710 1.6172 0.0105 0.0013 
294	98.2252 1.7628 0.0105 0.0016 
298	97.3766 2.6112 0.0106 0.0016 
302	97.6510 2.3372 0.0103 0.0015 
306	97.8605 2.1274 0.0106 0.0015 
310	98.5142 1.4739 0.0105 0.0014 
314	98.3029 1.6852 0.0104 0.0015 
318	97.8235 2.1646 0.0107 0.0012 
322	98.5506 1.4373 0.0106 0.0014 
326	96.6503 3.3381 0.0105 0.0011 
330	96.6875 3.3001 0.0107 0.0017 
334	96.7258 3.2621 0.0107 0.0014 
338	96.7656 3.2226 0.0107 0.0012 
342	96.8020 3.1863 0.0106 0.0010 
346	96.8296 3.1580 0.0108 0.0016 
350	96.8662 3.1216 0.0107 0.0015 
354	96.8991 3.0889 0.0107 0.0013 
358	96.9307 3.0572 0.0106 0.0015 
362	96.9666 3.0212 0.0108 0.0013 
366	96.9953 2.9920 0.0111 0.0016 
370	97.0246 2.9630 0.0109 0.0015 
374	97.0547 2.9327 0.0110 0.0016 
378	97.0862 2.9018 0.0107 0.0013 
382	97.1180 2.8697 0.0110 0.0013 
386	97.1451 2.8428 0.0109 0.0012 
390	96.9195 3.0682 0.0107 0.0017 
394	96.7031 3.2847 0.0111 0.0011 
398	96.7347 3.2529 0.0109 0.0015 
402	96.7659 3.2219 0.0111 0.0011 
406	96.7978 3.1901 0.0111 0.0010 
410	96.8125 3.1750 0.0110 0.0015 
414	96.8548 3.1329 0.0113 0.0009 
418	96.8859 3.1020 0.0110 0.0011 
422	96.8942 3.0934 0.0111 0.0013 
426	96.9295 2.8528 0.2164 0.0014 
430	96.9581 3.0296 0.0112 0.0011 
434	96.9774 3.0101 0.0111 0.0014 
438	96.9975 2.9899 0.0111 0.0015 
442	97.0284 2.9587 0.0114 0.0015 
446	97.0504 2.9366 0.0115 0.0015 
450	97.0743 2.9129 0.0113 0.0016 
454	97.0824 2.9050 0.0111 0.0015 
458	96.6948 3.2926 0.0114 0.0012 
462	96.7133 3.2743 0.0111 0.0013 
466	96.7411 3.2458 0.0116 0.0015 
470	96.7523 3.2354 0.0111 0.0013 
474	96.7833 3.2037 0.0115 0.0015 
478	96.8192 3.1677 0.0120 0.0011 
482	96.8503 2.9749 0.1737 0.0011 
486	96.8474 3.1399 0.0113 0.0014 
490	96.8764 3.1101 0.0123 0.0012 
494	96.8781 3.1094 0.0111 0.0013 
498	96.9172 3.0682 0.0131 0.0014 
502	96.9379 3.0488 0.0120 0.0013 
506	96.9650 3.0201 0.0135 0.0015 
510	96.9769 3.0100 0.0119 0.0012 
514	96.9992 2.9865 0.0130 0.0013 
518	97.0048 2.9821 0.0119 0.0012 
522	94.9813 4.8187 0.1986 0.0013 
526	88.4007 11.2522 0.3457 0.0014 
530	82.1760 17.1456 0.6768 0.0015 
534	76.9456 22.8703 0.1828 0.0013 
538	71.8458 25.6890 2.4639 0.0013 
542	66.1417 30.8883 2.9685 0.0015 
546	61.3092 38.4941 0.1952 0.0016 
550	51.6735 47.9270 0.3976 0.0019 
554	44.9205 54.7361 0.3415 0.0019 
558	39.0754 60.7343 0.1884 0.0018 
562	33.3175 60.6040 6.0765 0.0021 
566	27.6347 71.3756 0.9877 0.0020 
570	22.0509 75.8781 2.0689 0.0021 
574	16.5740 69.5981 13.8254 0.0025 
578	11.0950 81.3230 7.5798 0.0022 
582	5.7670 94.1976 0.0331 0.0023 
586	3.1398 86.9834 9.8740 0.0028 
590	3.1865 69.7496 27.0614 0.0025 
594	3.1314 85.3749 11.4909 0.0029 
598	3.1266 85.6944 11.1765 0.0026 
602	3.1486 81.8929 14.9557 0.0028 
606	3.1676 75.1999 21.6303 0.0022 
610	3.1361 82.7812 14.0798 0.0029 
614	3.1467 80.0042 16.8461 0.0029 
618	3.1500 79.0123 17.8348 0.0029 
622	3.1935 65.4659 31.3380 0.0026 
626	3.1427 78.9997 17.8550 0.0026 
630	3.1621 71.1874 25.6481 0.0024 
634	3.1302 90.6902 6.1771 0.0025 
638	3.1421 79.8593 16.9960 0.0025 
642	3.1954 63.8801 32.9220 0.0025 
646	3.1337 84.1072 12.7568 0.0023 
650	3.1321 81.1270 15.7382 0.0027 
654	3.1867 67.5844 29.2264 0.0025 
658	3.1605 76.6971 20.1399 0.0025 
662	3.1985 65.9881 30.8104 0.0030 
666	3.1797 55.5676 41.2499 0.0028 
670	3.1345 84.7925 12.0704 0.0026 
674	3.1175 93.4333 3.4468 0.0023 
678	3.2572 47.5463 49.1931 0.0035 
682	3.2342 54.8833 41.8797 0.0028 
686	3.1881 72.8346 23.9746 0.0028 
690	3.1590 77.1215 19.7171 0.0024 
694	3.1572 81.4223 15.4179 0.0027 
698	3.1477 83.5255 13.3242 0.0026 
702	3.1553 80.5506 16.2918 0.0024 
706	3.2464 48.5703 48.1804 0.0029 
710	3.2191 58.5373 38.2408 0.0028 
714	3.2178 57.3695 39.4096 0.0031 
718	3.1785 73.2373 23.5814 0.0028 
722	3.1718 74.8811 21.9441 0.0030 
726	3.1941 67.5026 29.3005 0.0028 
730	3.2213 57.4708 39.3049 0.0030 
734	3.2126 60.6960 36.0885 0.0029 
738	3.2257 58.4699 38.3012 0.0032 
742	3.1871 69.0048 27.8050 0.0030 
746	3.1965 66.0763 30.7243 0.0029 
750	3.2840 40.9705 55.7425 0.0030 
754	3.2585 46.6656 50.0728 0.0032 
758	3.1749 73.2038 23.6184 0.0029 
762	3.2565 48.3195 48.4207 0.0033 
766	3.1820 72.3918 24.4239 0.0024 
770	3.1836 73.2701 23.5436 0.0027 
774	3.2152 62.6161 34.1659 0.0027 
778	3.1523 67.8208 29.0242 0.0027 
782	3.2492 52.8244 43.9237 0.0027 
786	3.1873 71.2953 25.5146 0.0029 
790	3.2580 48.2106 48.5284 0.0030 
794	3.2586 35.5212 61.2167 0.0036 
798	3.2392 54.8350 41.9229 0.0029 
802	3.2859 39.1062 57.6044 0.0035 
806	3.2873 38.8857 57.8234 0.0035 
810	3.3403 23.9601 72.6962 0.0034 
814	3.2825 43.7074 53.0068 0.0033 
818	3.2871 43.5440 53.1660 0.0029 
822	3.3257 30.0948 66.5762 0.0033 
826	3.2004 69.2176 27.5796 0.0025 
830	3.3210 25.6439 71.0315 0.0036 
834	3.3126 36.3421 60.3418 0.0034 
838	3.3175 31.2604 65.4193 0.0027 
842	3.3503 21.8205 74.8255 0.0037 
846	3.2858 42.4777 54.2332 0.0034 
850	3.3032 37.3326 59.3609 0.0032 
854	3.2072 51.8562 44.9335 0.0031 
858	3.2118 64.7526 32.0331 0.0025 
862	3.2908 42.1675 54.5384 0.0033 
866	3.3027 36.8291 59.8646 0.0036 
870	3.2797 42.9063 53.8108 0.0032 
874	3.3343 28.1793 68.4829 0.0035 
878	3.3291 29.1015 67.5660 0.0034 
882	3.3053 39.5865 57.1053 0.0029 
886	3.3121 36.9192 59.7655 0.0031 
890	3.3239 30.5140 66.1586 0.0036 
894	3.3559 24.1349 72.5058 0.0034 
898	3.2852 42.5810 54.1301 0.0037 
902	3.3197 33.0770 63.5999 0.0034 
906	3.3510 21.1733 75.4727 0.0031 
910	3.3398 27.6668 68.9891 0.0042 
914	3.3255 31.0544 65.6165 0.0036 
918	3.3332 29.4305 67.2328 0.0035 
922	3.3364 28.4651 68.1950 0.0036 
926	3.2849 45.2166 51.4960 0.0025 
930	3.3414 26.0672 70.5874 0.0039 
934	3.3313 32.1191 64.5465 0.0031 
938	3.3224 36.6770 59.9966 0.0040 
942	3.3663 19.1517 77.4790 0.0030 
946	3.3420 28.0049 68.6499 0.0031 
950	3.3563 22.7903 73.8502 0.0032 
954	3.3272 30.4690 66.2006 0.0033 
958	3.3774 16.8403 79.7791 0.0032 
962	3.3700 17.4124 79.2146 0.0031 
966	3.3294 34.2659 62.4014 0.0032 
970	3.3489 26.4245 70.2237 0.0030 
974	3.3454 26.0665 70.5853 0.0028 
978	3.3419 29.4716 67.1833 0.0032 
982	3.3579 24.3115 72.3276 0.0030 
986	3.3252 35.7448 60.9275 0.0025 
990	3.3632 18.4287 78.2048 0.0034 
994	3.3485 27.9062 68.7423 0.0031 
998	3.3436 27.1341 69.5188 0.0034 
1002	3.3912 12.4079 84.1973 0.0036 
1006	3.3567 21.3407 75.2997 0.0028 
1010	3.3783 14.0096 82.6085 0.0036 
1014	3.3420 29.0431 67.6118 0.0030 
1018	3.3435 30.2890 66.3644 0.0030 
1022	3.3558 20.6378 76.0028 0.0035 
