2 82263783 38579 7928 637 
6 82278622 38565 8040 480 
10 82279642 38716 8161 634 
14 82285207 38763 8124 468 
18 82288087 38761 8048 424 
22 82289087 38783 8034 414 
26 82292393 38779 8200 488 
30 82293736 38985 8187 551 
34 82299164 39067 8108 460 
38 82303001 39228 8145 753 
42 82302576 38976 8114 513 
46 82303772 38901 8185 518 
50 82306326 38878 8165 505 
54 82306846 38887 8153 633 
58 82308983 39017 8185 524 
62 82309716 39122 8227 576 
66 82328730 39224 8304 604 
70 82345651 39271 8176 700 
74 82356948 39587 8225 819 
78 82376728 39831 8153 682 
82 82413796 39923 8513 1078 
86 82423068 39942 8340 1006 
90 82414880 39811 8371 972 
94 82435456 40353 8320 846 
98 82432666 40231 8384 1094 
102 82441958 40148 8373 1102 
106 82442292 40369 8340 1094 
110 82414811 39831 8337 1004 
114 82428843 40056 8296 965 
118 82441568 40043 8264 1007 
122 82461916 40784 8390 1071 
126 82417118 40480 8208 1198 
130 82454990 41511 8207 1300 
134 82464801 41715 8566 1336 
138 82452334 41916 8504 961 
142 82437844 41784 8374 1089 
146 82467085 42268 8474 1356 
150 82425538 41325 8406 1050 
154 82463366 42669 8296 1210 
158 82470170 42896 8175 1346 
162 82354316 41049 8094 1037 
166 82455586 42249 8256 1097 
170 82472099 42718 8532 1220 
174 82465264 42585 8371 1222 
178 82471898 42629 8366 1116 
182 82442747 42422 8383 1381 
186 82450574 42339 8532 1009 
190 82465088 43410 8518 1246 
194 82450852 42727 8495 1140 
198 82435764 44004 8427 1088 
202 82451103 44682 8416 1118 
206 82474345 44962 8615 1468 
210 82455181 44759 8374 1587 
214 82421461 43972 8531 1134 
218 82441676 44394 8322 1419 
222 82449956 44556 8609 1164 
226 82461422 45449 8750 1292 
230 82475606 45824 8334 1225 
234 82453075 45676 8437 1343 
238 82477206 46470 8386 1314 
242 82471619 45874 8762 1159 
246 82450259 45466 8703 1064 
250 82420022 44548 8677 1027 
254 82450845 46199 8572 1061 
258 82447285 47003 8710 1385 
262 80444692 2070615 8750 1461 
266 80559988 1957811 8736 1330 
270 80430933 2081244 8714 1181 
274 80470139 2043879 8613 1272 
278 80553975 1943931 8255 1239 
282 80698858 1818270 8742 1241 
286 80782059 1727194 8775 1107 
290 81167246 1334379 8664 1106 
294 81037926 1454312 8656 1310 
298 80373910 2155256 8758 1339 
302 80590008 1928820 8505 1240 
306 80758154 1755627 8734 1225 
310 81260031 1215732 8682 1127 
314 81103339 1390354 8602 1226 
318 80724466 1786242 8794 1014 
322 81292394 1185632 8778 1157 
326 79745487 2754242 8683 902 
330 79783642 2723150 8816 1368 
334 79810974 2691622 8846 1171 
338 79813887 2658075 8790 950 
342 79852032 2628383 8771 866 
346 79935517 2607056 8905 1304 
350 79933596 2575919 8802 1240 
354 79960377 2548903 8835 1082 
358 79996176 2523090 8761 1209 
362 79993164 2492396 8943 1084 
366 80040631 2469021 9151 1319 
370 80058137 2444881 8974 1228 
374 80093630 2420167 9073 1346 
378 80109185 2394354 8838 1068 
382 80106886 2367044 9092 1047 
386 80136640 2345111 8966 996 
390 79966768 2531504 8818 1366 
394 79789460 2710220 9187 882 
398 79800393 2683488 8968 1219 
402 79822516 2657744 9149 929 
406 79841010 2631300 9134 791 
410 79894015 2620158 9065 1226 
414 79876178 2583733 9329 781 
418 79840424 2556254 9095 910 
422 79959071 2552722 9141 1071 
426 79963120 2353432 178495 1132 
430 79970840 2498832 9225 935 
434 80007148 2483389 9161 1161 
438 80037515 2467130 9185 1240 
442 80041479 2440744 9385 1240 
446 80060039 2422516 9486 1219 
450 80077553 2402883 9299 1282 
454 80117455 2397386 9134 1255 
458 79775798 2716450 9408 1025 
462 79802858 2701789 9161 1074 
466 79811959 2677793 9565 1215 
470 79844564 2670002 9122 1053 
474 79862620 2643591 9483 1256 
478 79861321 2612914 9880 924 
482 79874677 2453450 143241 946 
486 79908281 2590750 9311 1151 
490 79920375 2565779 10174 968 
494 79944166 2565885 9196 1083 
498 79942748 2530864 10833 1186 
502 79969597 2515119 9907 1041 
506 79973893 2490856 11140 1196 
510 80000289 2483079 9841 974 
514 79969238 2462167 10745 1045 
518 80031037 2460321 9800 1024 
522 78367174 3975843 163901 1080 
526 72923556 9282156 285187 1116 
530 67799526 14146061 558393 1273 
534 63503326 18874915 150829 1096 
538 59278848 21195604 2032907 1071 
542 54560497 25479863 2448731 1202 
546 50614985 31779521 161137 1302 
550 42660837 39567828 328250 1555 
554 37097388 45203498 282029 1546 
558 32276432 50166802 155641 1504 
562 27525201 50067968 5020058 1731 
566 22828166 58961170 815938 1612 
570 18221552 62701035 1709641 1722 
574 13705275 57551668 11432390 2060 
578 9168186 67199811 6263434 1817 
582 4768341 77885754 27341 1925 
586 2596776 71938614 8166156 2288 
590 2636815 57717999 22393428 2061 
594 2589597 70604144 9502887 2364 
598 2585470 70863889 9242276 2119 
602 2603694 67719331 12367211 2315 
606 2620476 62210842 17894166 1838 
610 2593574 68460859 11644088 2418 
614 2602541 66169464 13932998 2436 
618 2605616 65358082 14752752 2398 
622 2642240 54164546 25928119 2159 
626 2598839 65328609 14765174 2168 
630 2615751 58887032 21216355 1969 
634 2587965 74979396 5107008 2032 
638 2598812 66050335 14057112 2073 
642 2644506 52866285 27245779 2088 
646 2591538 69555834 10549783 1899 
650 2589531 67074045 13012040 2199 
654 2636997 55925896 24184764 2074 
658 2614390 63443624 16659639 2039 
662 2647207 54614503 25500021 2488 
666 2630996 45978773 34131799 2324 
670 2592037 70118493 9981514 2168 
674 2577826 77258906 2850139 1936 
678 2697206 39372286 40735975 2898 
682 2677330 45433425 34668861 2310 
686 2638057 60269357 19838545 2283 
690 2613140 63795714 16310181 1996 
694 2611362 67346539 12752516 2213 
698 2603753 69092094 11021725 2181 
702 2610103 66633445 13476960 1983 
706 2687479 40207981 39885222 2369 
710 2664761 48456639 31655392 2354 
714 2663444 47485488 32619861 2535 
718 2630122 60601069 19512674 2293 
722 2624357 61956035 18156337 2473 
726 2643502 55866485 24249696 2346 
730 2666360 47570022 32533660 2505 
734 2658979 50236024 29869284 2366 
738 2670580 48407037 31709419 2642 
742 2637210 57098136 23007305 2470 
746 2645682 54689236 25429523 2409 
750 2719469 33927951 46160700 2473 
754 2698064 38639793 41461002 2640 
758 2626959 60570872 19542539 2395 
762 2696723 40013256 40097029 2754 
766 2632886 59898483 20208816 1949 
770 2634015 60621645 19479334 2250 
774 2661240 51827188 28279059 2268 
778 2607708 56104314 24010077 2255 
782 2690622 43742785 36372351 2222 
786 2637271 58992382 21111702 2402 
790 2697456 39916265 40179360 2460 
794 2698564 29416626 50696166 2947 
798 2682383 45408454 34716106 2384 
802 2721772 32392506 47714995 2886 
806 2723231 32213048 47901091 2923 
810 2768365 19857630 60249022 2833 
814 2718922 36203263 43906014 2724 
818 2722436 36064477 44033638 2428 
822 2755902 24938392 55169122 2699 
826 2648816 57288858 22826650 2046 
830 2751444 21245866 58849342 2970 
834 2744899 30113620 50000088 2843 
838 2748701 25900456 54202469 2274 
842 2776816 18085589 62017974 3108 
846 2721950 35188677 44926970 2797 
850 2736314 30925659 49173469 2683 
854 2654721 42923891 37193627 2560 
858 2658091 53589090 26510460 2071 
862 2726473 34936142 45185515 2694 
866 2736206 30511684 49595814 2965 
870 2716106 35532733 44563309 2626 
874 2763258 23353084 56754044 2886 
878 2759487 24121996 56005025 2804 
882 2737765 32788934 47299574 2372 
886 2744738 30595089 49527926 2607 
890 2754886 25290546 54833406 2965 
894 2781791 20005794 60101311 2787 
898 2721509 35274605 44842043 3069 
902 2750634 27406516 52696751 2820 
906 2778095 17553490 62569796 2544 
910 2768920 22937635 57196571 3501 
914 2755943 25735892 54378809 2987 
918 2762094 24387985 55713296 2915 
922 2765288 23592487 56521556 2954 
926 2720075 37442028 42641777 2103 
930 2770201 21610920 58520134 3268 
934 2761197 26622478 53500473 2537 
938 2752709 30388127 49709224 3288 
942 2791371 15880866 64246762 2495 
946 2770401 23214813 56907696 2610 
950 2782510 18894239 61225382 2658 
954 2757881 25255340 54872826 2699 
958 2800317 13962820 66147502 2649 
962 2794351 14438254 65684232 2554 
966 2758900 28394296 51708630 2654 
970 2775070 21896931 58191598 2447 
974 2773037 21606919 58509287 2322 
978 2769370 24422664 55673810 2623 
982 2783234 20151024 59949937 2490 
986 2754690 29611974 50474065 2076 
990 2788737 15281098 64847593 2780 
994 2775763 23133198 56984816 2530 
998 2771518 22491473 57624103 2829 
1002 2811955 10288583 69816136 3007 
1006 2783039 17693434 62430374 2344 
1010 2801123 11616072 68494928 2983 
1014 2770162 24073344 56042306 2526 
1018 2771612 25107952 55012510 2495 
1022 2782653 17112796 63021282 2904 
