2	99.942
6	99.942
10	99.942
14	99.942
18	99.942
22	99.942
26	99.942
30	99.942
34	99.942
38	99.941
42	99.942
46	99.942
50	99.942
54	99.942
58	99.942
62	99.941
66	99.941
70	99.941
74	99.941
78	99.941
82	99.940
86	99.940
90	99.940
94	99.940
98	99.939
102	99.939
106	99.939
110	99.940
114	99.940
118	99.940
122	99.939
126	99.939
130	99.938
134	99.937
138	99.937
142	99.937
146	99.936
150	99.938
154	99.936
158	99.936
162	99.939
166	99.937
170	99.936
174	99.936
178	99.936
182	99.936
186	99.937
190	99.935
194	99.936
198	99.935
202	99.934
206	99.933
210	99.933
214	99.935
218	99.934
222	99.934
226	99.932
230	99.932
234	99.932
238	99.931
242	99.932
246	99.933
250	99.934
254	99.932
258	99.930
262	97.478
266	97.615
270	97.466
274	97.511
278	97.632
282	97.784
286	97.894
290	98.371
294	98.225
298	97.376
302	97.651
306	97.860
310	98.514
314	98.302
318	97.823
322	98.550
326	96.650
330	96.687
334	96.725
338	96.765
342	96.802
346	96.829
350	96.866
354	96.899
358	96.930
362	96.966
366	96.995
370	97.024
374	97.054
378	97.086
382	97.118
386	97.145
390	96.919
394	96.703
398	96.734
402	96.765
406	96.797
410	96.812
414	96.854
418	96.885
422	96.894
426	96.929
430	96.958
434	96.977
438	96.997
442	97.028
446	97.050
450	97.074
454	97.082
458	96.694
462	96.713
466	96.741
470	96.752
474	96.783
478	96.819
482	96.850
486	96.847
490	96.876
494	96.878
498	96.917
502	96.937
506	96.965
510	96.976
514	96.999
518	97.004
522	94.981
526	88.400
530	82.176
534	76.945
538	71.845
542	66.141
546	61.309
550	51.673
554	44.920
558	39.075
562	33.317
566	27.634
570	22.050
574	16.574
578	11.095
582	5.7670
586	3.1398
590	3.1865
594	3.1314
598	3.1266
602	3.1486
606	3.1676
610	3.1361
614	3.1467
618	3.1500
622	3.1935
626	3.1427
630	3.1621
634	3.1302
638	3.1421
642	3.1954
646	3.1337
650	3.1321
654	3.1867
658	3.1605
662	3.1985
666	3.1797
670	3.1345
674	3.1175
678	3.2572
682	3.2342
686	3.1881
690	3.1590
694	3.1572
698	3.1477
702	3.1553
706	3.2464
710	3.2191
714	3.2178
718	3.1785
722	3.1718
726	3.1941
730	3.2213
734	3.2126
738	3.2257
742	3.1871
746	3.1965
750	3.2840
754	3.2585
758	3.1749
762	3.2565
766	3.1820
770	3.1836
774	3.2152
778	3.1523
782	3.2492
786	3.1873
790	3.2580
794	3.2586
798	3.2392
802	3.2859
806	3.2873
810	3.3403
814	3.2825
818	3.2871
822	3.3257
826	3.2004
830	3.3210
834	3.3126
838	3.3175
842	3.3503
846	3.2858
850	3.3032
854	3.2072
858	3.2118
862	3.2908
866	3.3027
870	3.2797
874	3.3343
878	3.3291
882	3.3053
886	3.3121
890	3.3239
894	3.3559
898	3.2852
902	3.3197
906	3.3510
910	3.3398
914	3.3255
918	3.3332
922	3.3364
926	3.2849
930	3.3414
934	3.3313
938	3.3224
942	3.3663
946	3.3420
950	3.3563
954	3.3272
958	3.3774
962	3.3700
966	3.3294
970	3.3489
974	3.3454
978	3.3419
982	3.3579
986	3.3252
990	3.3632
994	3.3485
998	3.3436
1002	3.3912
1006	3.3567
1010	3.3783
1014	3.3420
1018	3.3435
1022	3.3558
