2	 0.0469
6	 0.0468
10	 0.0470
14	 0.0471
18	 0.0471
22	 0.0471
26	 0.0471
30	 0.0473
34	 0.0474
38	 0.0476
42	 0.0473
46	 0.0472
50	 0.0472
54	 0.0472
58	 0.0474
62	 0.0475
66	 0.0476
70	 0.0477
74	 0.0480
78	 0.0483
82	 0.0484
86	 0.0484
90	 0.0483
94	 0.0489
98	 0.0488
102	 0.0487
106	 0.0489
110	 0.0483
114	 0.0486
118	 0.0485
122	 0.0494
126	 0.0491
130	 0.0503
134	 0.0506
138	 0.0508
142	 0.0507
146	 0.0512
150	 0.0501
154	 0.0517
158	 0.0520
162	 0.0498
166	 0.0512
170	 0.0518
174	 0.0516
178	 0.0517
182	 0.0514
186	 0.0513
190	 0.0526
194	 0.0518
198	 0.0533
202	 0.0542
206	 0.0545
210	 0.0542
214	 0.0533
218	 0.0538
222	 0.0540
226	 0.0551
230	 0.0555
234	 0.0554
238	 0.0563
242	 0.0556
246	 0.0551
250	 0.0540
254	 0.0560
258	 0.0570
262	 2.5091
266	 2.3723
270	 2.5220
274	 2.4767
278	 2.3561
282	 2.2032
286	 2.0931
290	 1.6172
294	 1.7628
298	 2.6112
302	 2.3372
306	 2.1274
310	 1.4739
314	 1.6852
318	 2.1646
322	 1.4373
326	 3.3381
330	 3.3001
334	 3.2621
338	 3.2226
342	 3.1863
346	 3.1580
350	 3.1216
354	 3.0889
358	 3.0572
362	 3.0212
366	 2.9920
370	 2.9630
374	 2.9327
378	 2.9018
382	 2.8697
386	 2.8428
390	 3.0682
394	 3.2847
398	 3.2529
402	 3.2219
406	 3.1901
410	 3.1750
414	 3.1329
418	 3.1020
422	 3.0934
426	 2.8528
430	 3.0296
434	 3.0101
438	 2.9899
442	 2.9587
446	 2.9366
450	 2.9129
454	 2.9050
458	 3.2926
462	 3.2743
466	 3.2458
470	 3.2354
474	 3.2037
478	 3.1677
482	 2.9749
486	 3.1399
490	 3.1101
494	 3.1094
498	 3.0682
502	 3.0488
506	 3.0201
510	 3.0100
514	 2.9865
518	 2.9821
522	 4.8187
526	 11.252
530	 17.145
534	 22.870
538	 25.689
542	 30.888
546	 38.494
550	 47.927
554	 54.736
558	 60.734
562	 60.604
566	 71.375
570	 75.878
574	 69.598
578	 81.323
582	94.1976
586	86.9834
590	69.7496
594	85.3749
598	85.6944
602	81.8929
606	75.1999
610	82.7812
614	80.0042
618	79.0123
622	65.4659
626	78.9997
630	71.1874
634	90.6902
638	79.8593
642	63.8801
646	84.1072
650	81.1270
654	67.5844
658	76.6971
662	65.9881
666	55.5676
670	84.7925
674	93.4333
678	47.5463
682	54.8833
686	72.8346
690	77.1215
694	81.4223
698	83.5255
702	80.5506
706	48.5703
710	58.5373
714	57.3695
718	73.2373
722	74.8811
726	67.5026
730	57.4708
734	60.6960
738	58.4699
742	69.0048
746	66.0763
750	40.9705
754	46.6656
758	73.2038
762	48.3195
766	72.3918
770	73.2701
774	62.6161
778	67.8208
782	52.8244
786	71.2953
790	48.2106
794	35.5212
798	54.8350
802	39.1062
806	38.8857
810	23.9601
814	43.7074
818	43.5440
822	30.0948
826	69.2176
830	25.6439
834	36.3421
838	31.2604
842	21.8205
846	42.4777
850	37.3326
854	51.8562
858	64.7526
862	42.1675
866	36.8291
870	42.9063
874	28.1793
878	29.1015
882	39.5865
886	36.9192
890	30.5140
894	24.1349
898	42.5810
902	33.0770
906	21.1733
910	27.6668
914	31.0544
918	29.4305
922	28.4651
926	45.2166
930	26.0672
934	32.1191
938	36.6770
942	19.1517
946	28.0049
950	22.7903
954	30.4690
958	16.8403
962	17.4124
966	34.2659
970	26.4245
974	26.0665
978	29.4716
982	24.3115
986	35.7448
990	18.4287
994	27.9062
998	27.1341
1002	12.4079
1006	21.3407
1010	14.0096
1014	29.0431
1018	30.2890
1022	20.6378
