 2	0.0096 
 6	0.0098 
 10	0.0099 
 14	0.0099 
 18	0.0098 
 22	0.0098 
 26	0.0100 
 30	0.0099 
 34	0.0098 
 38	0.0099 
 42	0.0099 
 46	0.0099 
 50	0.0099 
 54	0.0099 
 58	0.0099 
 62	0.0100 
 66	0.0101 
 70	0.0099 
 74	0.0100 
 78	0.0099 
 82	0.0103 
 86	0.0101 
 90	0.0102 
 94	0.0101 
 98	0.0102 
 102	0.0102 
 106	0.0101 
 110	0.0101 
 114	0.0101 
 118	0.0100 
 122	0.0102 
 126	0.0100 
 130	0.0099 
 134	0.0104 
 138	0.0103 
 142	0.0102 
 146	0.0103 
 150	0.0102 
 154	0.0101 
 158	0.0099 
 162	0.0098 
 166	0.0100 
 170	0.0103 
 174	0.0101 
 178	0.0101 
 182	0.0102 
 186	0.0103 
 190	0.0103 
 194	0.0103 
 198	0.0102 
 202	0.0102 
 206	0.0104 
 210	0.0101 
 214	0.0103 
 218	0.0101 
 222	0.0104 
 226	0.0106 
 230	0.0101 
 234	0.0102 
 238	0.0102 
 242	0.0106 
 246	0.0105 
 250	0.0105 
 254	0.0104 
 258	0.0106 
 262	0.0106 
 266	0.0106 
 270	0.0106 
 274	0.0104 
 278	0.0100 
 282	0.0106 
 286	0.0106 
 290	0.0105 
 294	0.0105 
 298	0.0106 
 302	0.0103 
 306	0.0106 
 310	0.0105 
 314	0.0104 
 318	0.0107 
 322	0.0106 
 326	0.0105 
 330	0.0107 
 334	0.0107 
 338	0.0107 
 342	0.0106 
 346	0.0108 
 350	0.0107 
 354	0.0107 
 358	0.0106 
 362	0.0108 
 366	0.0111 
 370	0.0109 
 374	0.0110 
 378	0.0107 
 382	0.0110 
 386	0.0109 
 390	0.0107 
 394	0.0111 
 398	0.0109 
 402	0.0111 
 406	0.0111 
 410	0.0110 
 414	0.0113 
 418	0.0110 
 422	0.0111 
 426	0.2164 
 430	0.0112 
 434	0.0111 
 438	0.0111 
 442	0.0114 
 446	0.0115 
 450	0.0113 
 454	0.0111 
 458	0.0114 
 462	0.0111 
 466	0.0116 
 470	0.0111 
 474	0.0115 
 478	0.0120 
 482	0.1737 
 486	0.0113 
 490	0.0123 
 494	0.0111 
 498	0.0131 
 502	0.0120 
 506	0.0135 
 510	0.0119 
 514	0.0130 
 518	0.0119 
 522	0.1986 
 526	 0.3457
 530	 0.6768
 534	 0.1828
 538	 2.4639
 542	 2.9685
 546	 0.1952
 550	 0.3976
 554	 0.3415
 558	 0.1884
 562	 6.0765
 566	 0.9877
 570	 2.0689
 574	 13.825
 578	 7.5798
 582	0.0331 
 586	9.8740 
 590	27.0614
 594	11.4909
 598	11.1765
 602	14.9557
 606	21.6303
 610	14.0798
 614	16.8461
 618	17.8348
 622	31.3380
 626	17.8550
 630	25.6481
 634	6.1771 
 638	16.9960
 642	32.9220
 646	12.7568
 650	15.7382
 654	29.2264
 658	20.1399
 662	30.8104
 666	41.2499
 670	12.0704
 674	3.4468 
 678	49.1931
 682	41.8797
 686	23.9746
 690	19.7171
 694	15.4179
 698	13.3242
 702	16.2918
 706	48.1804
 710	38.2408
 714	39.4096
 718	23.5814
 722	21.9441
 726	29.3005
 730	39.3049
 734	36.0885
 738	38.3012
 742	27.8050
 746	30.7243
 750	55.7425
 754	50.0728
 758	23.6184
 762	48.4207
 766	24.4239
 770	23.5436
 774	34.1659
 778	29.0242
 782	43.9237
 786	25.5146
 790	48.5284
 794	61.2167
 798	41.9229
 802	57.6044
 806	57.8234
 810	72.6962
 814	53.0068
 818	53.1660
 822	66.5762
 826	27.5796
 830	71.0315
 834	60.3418
 838	65.4193
 842	74.8255
 846	54.2332
 850	59.3609
 854	44.9335
 858	32.0331
 862	54.5384
 866	59.8646
 870	53.8108
 874	68.4829
 878	67.5660
 882	57.1053
 886	59.7655
 890	66.1586
 894	72.5058
 898	54.1301
 902	63.5999
 906	75.4727
 910	68.9891
 914	65.6165
 918	67.2328
 922	68.1950
 926	51.4960
 930	70.5874
 934	64.5465
 938	59.9966
 942	77.4790
 946	68.6499
 950	73.8502
 954	66.2006
 958	79.7791
 962	79.2146
 966	62.4014
 970	70.2237
 974	70.5853
 978	67.1833
 982	72.3276
 986	60.9275
 990	78.2048
 994	68.7423
 998	69.5188
 1002	84.1973
 1006	75.2997
 1010	82.6085
 1014	67.6118
 1018	66.3644
 1022	76.0028
