2	0.0008 
6	0.0006 
10	0.0008 
14	0.0006 
18	0.0005 
22	0.0005 
26	0.0006 
30	0.0007 
34	0.0006 
38	0.0009 
42	0.0006 
46	0.0006 
50	0.0006 
54	0.0008 
58	0.0006 
62	0.0007 
66	0.0007 
70	0.0008 
74	0.0010 
78	0.0008 
82	0.0013 
86	0.0012 
90	0.0012 
94	0.0010 
98	0.0013 
102	0.0013 
106	0.0013 
110	0.0012 
114	0.0012 
118	0.0012 
122	0.0013 
126	0.0015 
130	0.0016 
134	0.0016 
138	0.0012 
142	0.0013 
146	0.0016 
150	0.0013 
154	0.0015 
158	0.0016 
162	0.0013 
166	0.0013 
170	0.0015 
174	0.0015 
178	0.0014 
182	0.0017 
186	0.0012 
190	0.0015 
194	0.0014 
198	0.0013 
202	0.0014 
206	0.0018 
210	0.0019 
214	0.0014 
218	0.0017 
222	0.0014 
226	0.0016 
230	0.0015 
234	0.0016 
238	0.0016 
242	0.0014 
246	0.0013 
250	0.0012 
254	0.0013 
258	0.0017 
262	0.0018 
266	0.0016 
270	0.0014 
274	0.0015 
278	0.0015 
282	0.0015 
286	0.0013 
290	0.0013 
294	0.0016 
298	0.0016 
302	0.0015 
306	0.0015 
310	0.0014 
314	0.0015 
318	0.0012 
322	0.0014 
326	0.0011 
330	0.0017 
334	0.0014 
338	0.0012 
342	0.0010 
346	0.0016 
350	0.0015 
354	0.0013 
358	0.0015 
362	0.0013 
366	0.0016 
370	0.0015 
374	0.0016 
378	0.0013 
382	0.0013 
386	0.0012 
390	0.0017 
394	0.0011 
398	0.0015 
402	0.0011 
406	0.0010 
410	0.0015 
414	0.0009 
418	0.0011 
422	0.0013 
426	0.0014 
430	0.0011 
434	0.0014 
438	0.0015 
442	0.0015 
446	0.0015 
450	0.0016 
454	0.0015 
458	0.0012 
462	0.0013 
466	0.0015 
470	0.0013 
474	0.0015 
478	0.0011 
482	0.0011 
486	0.0014 
490	0.0012 
494	0.0013 
498	0.0014 
502	0.0013 
506	0.0015 
510	0.0012 
514	0.0013 
518	0.0012 
522	0.0013 
526	 0.0014 
530	 0.0015 
534	 0.0013 
538	 0.0013 
542	 0.0015 
546	 0.0016 
550	 0.0019 
554	 0.0019 
558	 0.0018 
562	 0.0021 
566	 0.0020 
570	 0.0021 
574	4 0.0025 
578	 0.0022 
582	0.0023 
586	0.0028 
590	 0.0025 
594	 0.0029 
598	 0.0026 
602	 0.0028 
606	 0.0022 
610	 0.0029 
614	 0.0029 
618	 0.0029 
622	 0.0026 
626	 0.0026 
630	 0.0024 
634	0.0025 
638	 0.0025 
642	 0.0025 
646	 0.0023 
650	 0.0027 
654	 0.0025 
658	 0.0025 
662	 0.0030 
666	 0.0028 
670	 0.0026 
674	0.0023 
678	 0.0035 
682	 0.0028 
686	 0.0028 
690	 0.0024 
694	 0.0027 
698	 0.0026 
702	 0.0024 
706	 0.0029 
710	 0.0028 
714	 0.0031 
718	 0.0028 
722	 0.0030 
726	 0.0028 
730	 0.0030 
734	 0.0029 
738	 0.0032 
742	 0.0030 
746	 0.0029 
750	 0.0030 
754	 0.0032 
758	 0.0029 
762	 0.0033 
766	 0.0024 
770	 0.0027 
774	 0.0027 
778	 0.0027 
782	 0.0027 
786	 0.0029 
790	 0.0030 
794	 0.0036 
798	 0.0029 
802	 0.0035 
806	 0.0035 
810	 0.0034 
814	 0.0033 
818	 0.0029 
822	 0.0033 
826	 0.0025 
830	 0.0036 
834	 0.0034 
838	 0.0027 
842	 0.0037 
846	 0.0034 
850	 0.0032 
854	 0.0031 
858	 0.0025 
862	 0.0033 
866	 0.0036 
870	 0.0032 
874	 0.0035 
878	 0.0034 
882	 0.0029 
886	 0.0031 
890	 0.0036 
894	 0.0034 
898	 0.0037 
902	 0.0034 
906	 0.0031 
910	 0.0042 
914	 0.0036 
918	 0.0035 
922	 0.0036 
926	 0.0025 
930	 0.0039 
934	 0.0031 
938	 0.0040 
942	 0.0030 
946	 0.0031 
950	 0.0032 
954	 0.0033 
958	 0.0032 
962	 0.0031 
966	 0.0032 
970	 0.0030 
974	 0.0028 
978	 0.0032 
982	 0.0030 
986	 0.0025 
990	 0.0034 
994	 0.0031 
998	 0.0034 
1002	 0.0036 
1006	 0.0028 
1010	 0.0036 
1014	 0.0030 
1018	 0.0030 
1022	 0.0035 
