2 0.54600875
6 0.286408155
10 0.291914375
14 0.321959475
18 0.368766915
22 0.384152882125
26 0.412027911375
30 0.45190607525
34 0.4789183655
38 0.5088313875
42 0.5267992775
46 0.5435451355
50 0.555215625
54 0.568156195
58 0.595356637
62 0.62383562275
66 0.79131391625
70 1.003293503625
74 1.102876727875
78 1.271860647
82 1.883361515125
86 1.79518295175
90 1.9082469075
94 1.7535535165
98 1.90572153225
102 1.997754395
106 2.030162013
110 1.98535135975
114 2.196809343875
118 2.111242169875
122 2.211280749375
126 2.121691496625
130 2.190742817125
134 2.158430576125
138 2.20230377375
142 2.180469215125
146 2.18859606375
150 2.106193390625
154 2.116457117375
158 2.171347901875
162 2.156130049125
166 2.0587077275
170 2.296133648125
174 2.04032938525
178 2.06430699
182 2.246070995
186 2.242167760875
190 2.240022734125
194 2.38494312575
198 2.353198604
202 2.145532024375
206 2.09674005275
210 2.079975205375
214 2.227239994625
218 2.22466601775
222 2.261379761375
226 2.426321395875
230 2.1561904375
234 2.2084459585
238 2.2085098725
242 2.34724283875
246 2.52837715875
250 2.1662925
254 2.532194439625
258 2.06379886275
262 2.3038108685
266 2.139605725875
270 2.259751010125
274 2.06480294725
278 2.379087250125
282 2.24883250975
286 2.1439352695
290 2.231453610625
294 2.25524511625
298 2.437512787875
302 2.267541919375
306 2.450156011375
310 2.356199087625
314 2.364182429625
318 2.23396602975
322 2.2076359785
326 2.09661681625
330 2.24639162075
334 2.322430539875
338 2.18278517125
342 1.934379477875
346 2.340255206125
350 2.1571492325
354 2.142701016875
358 1.7169277045
362 2.17201745125
366 2.014826694375
370 2.383406757875
374 2.247165575625
378 2.3079798085
382 2.088136461
386 2.301090315125
390 2.30168605125
394 2.065260267
398 2.190786173125
402 2.15527493575
406 2.17930620525
410 1.84517595175
414 2.044328814
418 2.2483486935
422 1.9763870935
426 1.909568262625
430 2.17830003175
434 2.365603731
438 2.0048956615
442 2.34629629925
446 2.2968737765
450 2.26946331975
454 2.205247597875
458 1.90276345275
462 2.158104658125
466 2.030225271
470 1.920453017375
474 1.932511751125
478 1.995646449
482 1.739783159625
486 1.937088021625
490 2.074187218875
494 2.006813015375
498 2.065038040875
502 1.93771225375
506 2.10149052625
510 2.035476245875
514 2.09152281425
518 1.94137694025
522 2.118965997
526 2.2766824705
530 2.370633339125
534 2.558175035
538 2.573248671125
542 2.7753915035
546 2.880011630375
550 2.91448100375
554 3.036078233375
558 3.210005697125
562 3.412331210875
566 3.38468475175
570 3.745879916
574 4.004784253375
578 4.032005120375
582 4.124041342625
586 4.104692700375
590 4.303818734375
594 4.50898388425
598 4.249463687
602 4.337145951625
606 4.200639476375
610 4.814870627375
614 4.601667829625
618 5.397109764375
622 4.792342049125
626 4.42775408125
630 4.751346001875
634 4.805937313875
638 5.0824841575
642 4.95211925425
646 4.48450834825
650 4.829903724
654 5.249706825125
658 5.149071295625
662 5.169197190625
666 5.243461493
670 4.73188454725
674 4.960848096125
678 4.66389489225
682 5.689375189125
686 4.829940348
690 5.00456195525
694 5.2390631815
698 5.05121640275
702 4.93669181175
706 4.875330931875
710 4.883224941625
714 5.670468893875
718 5.97558036575
722 5.4540054955
726 5.34026246125
730 4.917143588
734 5.3502996705
738 5.51268512675
742 5.45537475625
746 5.952709650875
750 5.671816170625
754 5.711810963375
758 5.82908267225
762 5.861622483375
766 6.099048056375
770 5.264287764375
774 5.629971590375
778 5.606410194375
782 6.26986972275
786 6.005385936875
790 5.683445426375
794 5.80175118375
798 5.449413399625
802 5.83080772575
806 5.792972251125
810 5.97590352525
814 5.951277201625
818 5.8642155255
822 6.234830064125
826 6.1066339305
830 6.6194690365
834 6.14617772075
838 6.271337811375
842 6.3566131
846 6.4547657335
850 6.311422325125
854 6.845270804
858 6.5144046395
862 6.308929674625
866 6.54857827275
870 6.379042839125
874 5.896105435125
878 6.3139094965
882 6.0498691205
886 6.44430000275
890 6.526000552875
894 6.237230417125
898 6.080013919
902 6.521273485375
906 6.56330890875
910 6.32269132275
914 6.41687826625
918 6.84244901425
922 7.04696828375
926 6.8708178225
930 6.786805644125
934 6.662314068375
938 6.889515716625
942 6.747751780375
946 7.018299836625
950 6.928612233
954 6.606777387
958 6.599033822375
962 6.7396167395
966 6.930307556875
970 6.819792884375
974 6.955732776
978 6.8385570875
982 6.860367945125
986 6.75847570725
990 6.95404945375
994 6.835748586375
998 7.0864564705
1002 6.96272035075
1006 6.995821224875
1010 7.066654800125
1014 6.9084257795
1018 6.9879031005
1022 6.884105907
