2 82525281 1972
6 82495903 1899
10 82496238 2083
14 82499381 1940
18 82503219 2184
22 82505095 2166
26 82508502 2369
30 82512452 2484
34 82515351 2482
38 82517736 2957
42 82520334 3230
46 82521424 3533
50 82524951 4099
54 82523320 4112
58 82526422 4518
62 82530548 5842
66 82544304 9702951
70 82563666 22801452
74 82577104 25608544
78 82589918 34091823
82 82651988 79029962
86 82643213 67878946
90 82648493 71205997
94 82634589 56698396
98 82653371 71276467
102 82667812 76090569
106 82648915 63180350
110 82636445 52647498
114 82682577 79241051
118 82669346 70520996
122 82683823 79358124
126 82666243 66974502
130 82677131 72690797
134 82673088 64012801
138 82677202 66563472
142 82665388 63110836
146 82656538 54916247
150 82668822 61346244
154 82655656 54349605
158 82685527 66646906
162 82680723 66482993
166 82661964 54855921
170 82699227 75875044
174 82660638 55368311
178 82655377 50348421
182 82681704 62168632
186 82686891 66079162
190 82681404 61235278
194 82709395 79191828
198 82676477 59529552
202 82680944 63024012
206 82671870 55236932
210 82660901 50031148
214 82666467 47601063
218 82663735 49113945
222 82677824 55330094
226 82705940 73185463
230 82668945 55284275
234 82673713 54818861
238 82693312 63882214
242 82684909 59420718
246 82717347 77677516
250 82661690 48654621
254 82715409 75735977
258 82680657 53690005
262 82681021 53083346
266 82669984 50239535
270 82698566 62322316
274 82667880 45093924
278 82699091 62809141
282 82670592 42396592
286 82664769 44914125
290 82689034 56237071
294 82674081 47743717
298 82702745 63643080
302 82667029 44623784
306 82702504 62449328
310 82727414 73156524
314 82695335 57698328
318 82684089 52142109
322 82669555 44735355
326 82677920 47573268
330 82680629 47918652
334 82696424 55923946
338 82668182 43896037
342 82652218 34655785
346 82688892 53727653
350 82664522 43191986
354 82682027 47541704
358 82662159 37197626
362 82693400 52591957
366 82681613 49568018
370 82721703 66983828
374 82668116 37403624
378 82701364 56060688
382 82671205 40622248
386 82696287 54090420
390 82673443 42230674
394 82674323 43183826
398 82667872 39292331
402 82662770 37586600
406 82693285 52194702
410 82661635 37476678
414 82667726 39319051
418 82695348 53412569
422 82608298 30421293
426 82642456 27129532
430 82678029 43549946
434 82702050 55129146
438 82653783 31683546
442 82700071 52866636
446 82704320 55014549
450 82707209 54915211
454 82681825 44841168
458 82613852 31838553
462 82662222 34489034
466 82670854 38572831
470 82685605 45409684
474 82659786 33330976
478 82683127 45233898
482 82637486 23707736
486 82651390 29544759
490 82662779 34493534
494 82663672 35525584
498 82681125 44107572
502 82678861 41195527
506 82680304 42843306
510 82664256 34445304
514 82699140 50069363
518 82662556 31394543
522 82658174 28918190
526 82694275 41442198
530 82712366 43004704
534 82715409 39208570
538 82709819 30676080
542 82738135 39333512
546 82758719 43592828
550 82778719 45889840
554 82768298 34877558
558 82783373 37062375
562 82798162 26293048
566 82804025 35663924
570 82818802 35222191
574 82866595 26326339
578 82869650 35037736
582 82881337 40894281
586 82874678 27789156
590 82894145 28493286
594 82910083 32043912
598 82876206 40581392
602 82865940 26280077
606 82871174 35874039
610 82932036 35501464
614 82920193 32458047
618 83319523 36377299
622 83022475 39475418
626 82896324 35189147
630 82952827 33966792
634 82885977 34568456
638 83052627 29762696
642 82980260 24635164
646 82921510 30285135
650 82934857 37410982
654 83036155 14113933
658 82971199 18187068
662 82928292 32500868
666 82916396 36396694
670 82950202 24406698
674 82953006 26753229
678 82944905 32282083
682 83068198 17340583
686 82937873 39413153
690 82899950 34041831
694 82992402 26808342
698 82946822 30945907
702 82934712 33137680
706 82936139 27607944
710 82936675 34276027
714 82987566 26795557
718 83029360 15202087
722 83030466 23556862
726 82969484 26182495
730 82948535 36003994
734 82990109 27074675
738 82990899 28354740
742 83021078 29713164
746 83042943 25223042
750 83053192 17967797
754 82992501 28919081
758 83053463 21642764
762 82999270 31345509
766 83056912 19515356
770 82979450 28577632
774 82973910 33151692
778 83042078 22152214
782 83130258 16725914
786 83053080 18714659
790 83100430 18198880
794 83004735 28918317
798 83004888 27830347
802 83051859 23264374
806 83072411 22301789
810 83006346 30798718
814 83069211 25595681
818 83016338 27282316
822 83065270 22723431
826 83082777 21621410
830 83095303 20712975
834 83121008 16962923
838 83117482 16044343
842 83029606 29152846
846 83095001 18399297
850 83107758 17738211
854 83145826 13288641
858 83061931 23963532
862 83081545 25533605
866 83112565 19558921
870 83095933 21154613
874 83063151 26236076
878 83121507 19472914
882 83030382 29499461
886 83102529 19200931
890 83125558 19566206
894 83091280 25548383
898 83074498 25558405
902 83135699 19150555
906 83103842 22402345
910 83095284 22535282
914 83085223 22848788
918 83137940 17781918
922 83137173 15017319
926 83137951 16528132
930 83104753 24834344
934 83090971 24173846
938 83117544 18596088
942 83145107 16780658
946 83131838 21369428
950 83130115 20054857
954 83074694 28547650
958 83108373 26592622
962 83129142 17885417
966 83119468 22897852
970 83150999 18665780
974 83148032 18128408
978 83130340 22862732
982 83114408 24534878
986 83130667 23225712
990 83145662 21298348
994 83156054 17989168
998 83147077 18027863
1002 83133490 22456623
1006 83146397 18592347
1010 83162391 14428810
1014 83187598 19670409
1018 83149628 25183433
1022 83138181 24349397
