2 0.0000
6 0.0000
10 0.0000
14 0.0000
18 0.0000
22 0.0000
26 0.0000
30 0.0000
34 0.0000
38 0.0000
42 0.0000
46 0.0000
50 0.0000
54 0.0000
58 0.0001
62 0.0001
66 0.1175
70 0.2762
74 0.3101
78 0.4128
82 0.9562
86 0.8213
90 0.8616
94 0.6861
98 0.8624
102 0.9204
106 0.7644
110 0.6371
114 0.9584
118 0.8530
122 0.9598
126 0.8102
130 0.8792
134 0.7743
138 0.8051
142 0.7634
146 0.6644
150 0.7421
154 0.6575
158 0.8060
162 0.8041
166 0.6636
170 0.9175
174 0.6698
178 0.6091
182 0.7519
186 0.7991
190 0.7406
194 0.9575
198 0.7200
202 0.7623
206 0.6681
210 0.6053
214 0.5758
218 0.5941
222 0.6692
226 0.8849
230 0.6687
234 0.6631
238 0.7725
242 0.7186
246 0.9391
250 0.5886
254 0.9156
258 0.6494
262 0.6420
266 0.6077
270 0.7536
274 0.5455
278 0.7595
282 0.5128
286 0.5433
290 0.6801
294 0.5775
298 0.7695
302 0.5398
306 0.7551
310 0.8843
314 0.6977
318 0.6306
322 0.5411
326 0.5754
330 0.5796
334 0.6763
338 0.5310
342 0.4193
346 0.6498
350 0.5225
354 0.5750
358 0.4500
362 0.6360
366 0.5995
370 0.8097
374 0.4525
378 0.6779
382 0.4914
386 0.6541
390 0.5108
394 0.5223
398 0.4753
402 0.4547
406 0.6312
410 0.4534
414 0.4756
418 0.6459
422 0.3683
426 0.3283
430 0.5267
434 0.6666
438 0.3833
442 0.6393
446 0.6652
450 0.6640
454 0.5423
458 0.3854
462 0.4172
466 0.4666
470 0.5492
474 0.4032
478 0.5471
482 0.2869
486 0.3575
490 0.4173
494 0.4298
498 0.5335
502 0.4983
506 0.5182
510 0.4167
514 0.6054
518 0.3798
522 0.3499
526 0.5011
530 0.5199
534 0.4740
538 0.3709
542 0.4754
546 0.5267
550 0.5544
554 0.4214
558 0.4477
562 0.3176
566 0.4307
570 0.4253
574 0.3177
578 0.4228
582 0.4934
586 0.3353
590 0.3437
594 0.3865
598 0.4897
602 0.3171
606 0.4329
610 0.4281
614 0.3914
618 0.4366
622 0.4755
626 0.4245
630 0.4095
634 0.4171
638 0.3584
642 0.2969
646 0.3652
650 0.4511
654 0.1700
658 0.2192
662 0.3919
666 0.4390
670 0.2942
674 0.3225
678 0.3892
682 0.2088
686 0.4752
690 0.4106
694 0.3230
698 0.3731
702 0.3996
706 0.3329
710 0.4133
714 0.3229
718 0.1831
722 0.2837
726 0.3156
730 0.4341
734 0.3262
738 0.3417
742 0.3579
746 0.3037
750 0.2163
754 0.3485
758 0.2606
762 0.3777
766 0.2350
770 0.3444
774 0.3995
778 0.2668
782 0.2012
786 0.2253
790 0.2190
794 0.3484
798 0.3353
802 0.2801
806 0.2685
810 0.3710
814 0.3081
818 0.3286
822 0.2736
826 0.2602
830 0.2493
834 0.2041
838 0.1930
842 0.3511
846 0.2214
850 0.2134
854 0.1598
858 0.2885
862 0.3073
866 0.2353
870 0.2546
874 0.3159
878 0.2343
882 0.3553
886 0.2311
890 0.2354
894 0.3075
898 0.3077
902 0.2304
906 0.2696
910 0.2712
914 0.2750
918 0.2139
922 0.1806
926 0.1988
930 0.2988
934 0.2909
938 0.2237
942 0.2018
946 0.2571
950 0.2412
954 0.3436
958 0.3200
962 0.2152
966 0.2755
970 0.2245
974 0.2180
978 0.2750
982 0.2952
986 0.2794
990 0.2562
994 0.2163
998 0.2168
1002 0.2701
1006 0.2236
1010 0.1735
1014 0.2365
1018 0.3029
1022 0.2929
