5013800.000
5030960.000
5043660.000
5084540.000
5051930.000
5062000.000
5025240.000
4981960.000
5040660.000
5039640.000
4974620.000
5026400.000
5023470.000
5010760.000
5016220.000
5028970.000
5016920.000
5003890.000
4981800.000
5049370.000
5021400.000
5050360.000
5044380.000
5081240.000
5033130.000
5046260.000
5025330.000
4985000.000
5066060.000
5033790.000
4993850.000
5031200.000
5009080.000
5020220.000
5015410.000
5024960.000
5028100.000
5023390.000
4975420.000
5054500.000
5013800.000
5030960.000
5043660.000
5084540.000
5051930.000
5062000.000
5025240.000
4981960.000
5040660.000
5039640.000
4974620.000
5026400.000
5023470.000
5010760.000
5016220.000
5028970.000
5016920.000
5003890.000
4981800.000
5049370.000
5021400.000
5050360.000
5044380.000
5081240.000
5033130.000
5046260.000
5025330.000
4985000.000
5066060.000
5033790.000
4993850.000
5031200.000
5009080.000
5020220.000
5015410.000
5024960.000
5028100.000
5023390.000
4975420.000
5054500.000
5013800.000
5030960.000
5043660.000
5084540.000
5051930.000
5062000.000
5025240.000
4981960.000
5040660.000
5039640.000
4974620.000
5026400.000
5023470.000
5010760.000
5016220.000
5028970.000
5016920.000
5003890.000
4981800.000
5049370.000
5021400.000
5050360.000
5044380.000
5081240.000
5033130.000
5046260.000
5025330.000
4985000.000
5066060.000
5033790.000
4993850.000
5031200.000
5009080.000
5020220.000
5015410.000
5024960.000
5028100.000
5023390.000
4975420.000
5054500.000
5013800.000
5030960.000
5043660.000
5084540.000
5051930.000
5062000.000
5025240.000
4981960.000
5040660.000
5039640.000
4974620.000
5026400.000
5023470.000
5010760.000
5016220.000
5028970.000
5016920.000
5003890.000
4981800.000
5049370.000
5021400.000
5050360.000
5044380.000
5081240.000
5033130.000
5046260.000
5025330.000
4985000.000
5066060.000
5033790.000
4993850.000
5031200.000
5009080.000
5020220.000
5015410.000
5024960.000
5028100.000
5023390.000
4975420.000
5054500.000
5013800.000
5030960.000
5043660.000
5084540.000
5051930.000
5062000.000
5025240.000
4981960.000
5040660.000
5039640.000
4974620.000
5026400.000
5023470.000
5010760.000
5016220.000
5028970.000
5016920.000
5003890.000
4981800.000
5049370.000
5021400.000
5050360.000
5044380.000
5081240.000
5033130.000
5046260.000
5025330.000
4985000.000
5066060.000
5033790.000
4993850.000
5031200.000
5009080.000
5020220.000
5015410.000
5024960.000
5028100.000
5023390.000
4975420.000
5054500.000
5013800.000
5030960.000
5043660.000
5084540.000
5051930.000
5062000.000
5025240.000
4981960.000
5040660.000
5039640.000
4974620.000
5026400.000
5023470.000
5010760.000
5016220.000
5028970.000
5016920.000
5003890.000
4981800.000
5049370.000
5021400.000
5050360.000
5044380.000
5081240.000
5033130.000
5046260.000
5025330.000
4985000.000
5066060.000
5033790.000
4993850.000
5031200.000
5009080.000
5020220.000
5015410.000
5024960.000
5028100.000
5023390.000
4975420.000
5054500.000
5030960.000
5084540.000
5062000.000
4981960.000
5039640.000
5026400.000
5010760.000
5028970.000
5003890.000
5049370.000
5050360.000
5081240.000
5046260.000
4985000.000
5033790.000
5031200.000
5020220.000
5024960.000
5023390.000
5054500.000
