5013798.350
5030962.890
5043665.970
5084547.360
5051928.680
5061997.130
5025237.970
4981965.380
5040655.060
5039638.030
4974619.850
5026402.030
5023468.010
5010765.420
5016228.330
5028970.370
5016925.960
5003888.530
4981798.150
5049370.770
5021402.490
5050352.530
5044371.710
5081235.520
5033130.500
5046255.370
5025324.380
4985001.060
5066063.850
5033789.510
4993848.220
5031199.220
5009075.490
5020212.710
5015413.580
5024952.510
5028100.210
5023388.370
4975417.510
5054493.840
5013798.350
5030962.890
5043665.970
5084547.360
5051928.680
5061997.130
5025237.970
4981965.380
5040655.060
5039638.030
4974619.850
5026402.030
5023468.010
5010765.420
5016228.330
5028970.370
5016925.960
5003888.530
4981798.150
5049370.770
5021402.490
5050352.530
5044371.710
5081235.520
5033130.500
5046255.370
5025324.380
4985001.060
5066063.850
5033789.510
4993848.220
5031199.220
5009075.490
5020212.710
5015413.580
5024952.510
5028100.210
5023388.370
4975417.510
5054493.840
5013798.350
5030962.890
5043665.970
5084547.360
5051928.680
5061997.130
5025237.970
4981965.380
5040655.060
5039638.030
4974619.850
5026402.030
5023468.010
5010765.420
5016228.330
5028970.370
5016925.960
5003888.530
4981798.150
5049370.770
5021402.490
5050352.530
5044371.710
5081235.520
5033130.500
5046255.370
5025324.380
4985001.060
5066063.850
5033789.510
4993848.220
5031199.220
5009075.490
5020212.710
5015413.580
5024952.510
5028100.210
5023388.370
4975417.510
5054493.840
5013798.350
5030962.890
5043665.970
5084547.360
5051928.680
5061997.130
5025237.970
4981965.380
5040655.060
5039638.030
4974619.850
5026402.030
5023468.010
5010765.420
5016228.330
5028970.370
5016925.960
5003888.530
4981798.150
5049370.770
5021402.490
5050352.530
5044371.710
5081235.520
5033130.500
5046255.370
5025324.380
4985001.060
5066063.850
5033789.510
4993848.220
5031199.220
5009075.490
5020212.710
5015413.580
5024952.510
5028100.210
5023388.370
4975417.510
5054493.840
5013798.350
5030962.890
5043665.970
5084547.360
5051928.680
5061997.130
5025237.970
4981965.380
5040655.060
5039638.030
4974619.850
5026402.030
5023468.010
5010765.420
5016228.330
5028970.370
5016925.960
5003888.530
4981798.150
5049370.770
5021402.490
5050352.530
5044371.710
5081235.520
5033130.500
5046255.370
5025324.380
4985001.060
5066063.850
5033789.510
4993848.220
5031199.220
5009075.490
5020212.710
5015413.580
5024952.510
5028100.210
5023388.370
4975417.510
5054493.840
5013798.350
5030962.890
5043665.970
5084547.360
5051928.680
5061997.130
5025237.970
4981965.380
5040655.060
5039638.030
4974619.850
5026402.030
5023468.010
5010765.420
5016228.330
5028970.370
5016925.960
5003888.530
4981798.150
5049370.770
5021402.490
5050352.530
5044371.710
5081235.520
5033130.500
5046255.370
5025324.380
4985001.060
5066063.850
5033789.510
4993848.220
5031199.220
5009075.490
5020212.710
5015413.580
5024952.510
5028100.210
5023388.370
4975417.510
5054493.840
5030962.890
5084547.360
5061997.130
4981965.380
5039638.030
5026402.030
5010765.420
5028970.370
5003888.530
5049370.770
5050352.530
5081235.520
5046255.370
4985001.060
5033789.510
5031199.220
5020212.710
5024952.510
5023388.370
5054493.840
