1 4 0.000568121 0.00056947
2 4 0.000464727 0.000465403
4 4 0.000411089 0.000411425
8 4 0.000384004 0.000384173
16 4 0.000370656 0.000370741
1 4096 0.268837 0.270282
2 4096 0.138698 0.139404
4 4096 0.0731127 0.0734599
8 4096 0.0403698 0.0405432
16 4096 0.0239854 0.0240716
1 32768 2.13589 2.14742
2 32768 1.07327 1.07896
4 32768 0.541189 0.544029
8 32768 0.275543 0.276954
16 32768 0.14266 0.143359
1 2097152 136.571 137.308
2 2097152 68.3276 68.6901
4 2097152 34.1599 34.3417
8 2097152 17.0778 17.1689
16 2097152 8.55895 8.60465
