1 4 0.00129952 0.00167541
2 4 0.000854838 0.00105089
4 4 0.000611651 0.00070981
8 4 0.000489935 0.00053898
16 4 0.000428427 0.000453007
1 4096 1.05222 1.43638
2 4096 0.533309 0.725354
4 4096 0.271257 0.367334
8 4096 0.140206 0.188304
16 4096 0.0744415 0.0984711
1 32768 0.934831 1.26895
2 32768 0.47526 0.641895
4 32768 0.241911 0.325391
8 32768 0.125033 0.166976
16 32768 0.0661906 0.0871419
1 2097152 1.12916 2.375
2 2097152 0.566669 1.18958
4 2097152 0.283334 0.595834
8 2097152 0.141667 0.297395
16 2097152 0.0705727 0.148959
