706 4.01408670
706 4.01813679
706 4.01328669
706 4.01348669
706 5.16861164
706 5.16886165
706 5.16956166
706 5.16656160
706 4.06428779
706 4.06758786
706 4.05728764
706 4.04978748
706 4.02718699
706 4.02698698
706 4.03023705
706 4.02783700
706 7.35520887
706 7.34745871
706 7.34745871
706 7.35445886
706 3.97023576
706 3.96573566
706 3.96728569
706 3.96488564
706 4.12173903
706 4.12103901
706 4.13163924
706 4.10923876
706 4.18974050
706 4.19834068
706 4.18399037
706 4.20069073
706 7.33840851
706 7.33775850
706 7.34630868
706 7.33645847
706 4.17874026
706 4.18354036
706 4.17949028
706 4.18354036
706 5.35531567
706 5.35666570
706 5.35581569
706 5.35681571
706 4.22464125
706 4.22494126
706 4.22469125
706 4.22594128
706 4.38449471
706 4.37769456
706 4.36994439
706 4.37879458
706 7.10230341
706 7.10300342
706 7.09520326
706 7.09630328
706 4.06003770
706 4.06388778
706 4.06758786
706 4.06793787
706 7.28650739
706 7.28880744
706 7.29005747
706 7.28725740
706 4.16048987
706 4.15768981
706 4.16173989
706 4.16028986
706 4.31174313
706 4.31074311
706 4.31119312
706 4.31474320
706 4.07198795
706 4.07188795
706 4.07193795
706 4.07488802
706 4.12653913
706 4.12878918
706 4.12463909
706 4.12533911
706 6.05733084
706 6.15808301
706 5.86992679
706 5.87412688
706 5.12141062
706 5.12086061
706 5.12081061
706 5.12531071
706 7.29125749
706 7.28965746
706 7.29395755
706 7.28875744
706 7.60701431
706 7.61431447
706 7.61571450
706 7.60951437
706 6.09338162
706 6.07233116
706 6.05303075
706 6.05333075
706 5.52871942
706 5.53116947
706 5.52726939
706 5.52896943
706 4.11068879
706 4.11338885
706 4.11543889
706 4.11033878
706 4.30999310
706 4.31054311
706 4.31009310
706 4.31854328
706 4.30344295
706 4.30694303
706 4.30254293
706 4.30349296
706 7.11125360
706 7.10745352
706 7.11050359
706 7.11035358
