654 6.15730800
654 6.15700800
654 6.15505800
654 6.16325801
654 7.32305952
654 7.32365952
654 7.32535952
654 7.32865953
654 4.09685533
654 4.09760533
654 4.09670533
654 4.09775533
654 4.13045537
654 4.11230535
654 4.11425535
654 4.10730534
654 4.10520534
654 4.11060534
654 4.10660534
654 4.10510534
654 7.48135973
654 7.49615975
654 7.48295973
654 7.47985972
654 7.03145914
654 7.04830916
654 7.03490915
654 7.03510915
654 7.30135949
654 7.29270948
654 7.29110948
654 7.28035946
654 4.08530531
654 4.08290531
654 4.08560531
654 4.08405531
654 7.48400973
654 7.47755972
654 7.47465972
654 7.47655972
654 4.35425566
654 4.35255566
654 4.35150566
654 4.35165566
654 7.14615929
654 7.14060928
654 7.13815928
654 7.14220928
654 4.22105549
654 4.21840548
654 4.21840548
654 4.21795548
654 4.40305572
654 4.42015575
654 4.41505574
654 4.41265574
654 4.05110527
654 4.05035527
654 4.05525527
654 4.05075527
654 4.16760542
654 4.16725542
654 4.16860542
654 4.16760542
654 4.12045536
654 4.07730530
654 4.05345527
654 4.06990529
654 4.36820568
654 4.37370569
654 4.36775568
654 4.36725568
654 4.07045529
654 4.06960529
654 4.07050529
654 4.07930530
654 4.94385643
654 4.94790643
654 4.94595643
654 4.94805643
654 4.08130531
654 4.18675544
654 4.04385526
654 4.04445526
654 4.20560547
654 4.21440548
654 4.21625548
654 4.20525547
654 4.25610553
654 4.25225553
654 4.24480552
654 4.26185554
654 7.33875954
654 7.33850954
654 7.34300955
654 7.34320955
654 7.26815945
654 7.26485944
654 7.27175945
654 7.26710945
654 4.23680551
654 4.24025551
654 4.24520552
654 4.23770551
654 3.97700517
654 3.97910517
654 3.97855517
654 3.97680517
654 4.27405556
654 4.27490556
654 4.28155557
654 4.28770557
654 6.93210901
654 6.92175900
654 6.92150900
654 6.92015900
654 4.17205542
654 4.16070541
654 4.16090541
654 4.16105541
