278 2.38886481
278 2.38891481
278 2.38886481
278 2.39071482
278 2.72321688
278 2.72351689
278 2.72396689
278 2.72761691
278 1.94616207
278 1.95056209
278 1.94621207
278 1.94541206
278 1.58230981
278 1.58295981
278 1.58195981
278 1.58665984
278 2.73061693
278 2.72876692
278 2.73231694
278 2.72786691
278 2.09126297
278 2.09041296
278 2.09356298
278 2.09111296
278 2.73496696
278 2.73591696
278 2.73416695
278 2.74586702
278 2.71886686
278 2.71306682
278 2.71436683
278 2.71436683
278 2.73546696
278 2.73556696
278 2.73756697
278 2.73926698
278 2.70576678
278 2.70526677
278 2.70631678
278 2.70531677
278 2.71311682
278 2.71311682
278 2.71321682
278 2.71751685
278 2.74301701
278 2.73591696
278 2.73671697
278 2.73916698
278 2.73431695
278 2.73591696
278 2.73576696
278 2.73381695
278 2.73701697
278 2.73586696
278 2.73686697
278 2.73626696
278 1.97261223
278 1.97256223
278 1.97246223
278 1.97231223
278 2.72706691
278 2.73166694
278 2.72581690
278 2.72576690
278 1.01410629
278 1.01405629
278 1.01325628
278 1.01325628
278 2.20281366
278 2.20226365
278 2.20586368
278 2.20581368
278 1.65116024
278 1.65036023
278 1.65031023
278 1.65056023
278 2.72726691
278 2.72751691
278 2.72721691
278 2.72731691
278 1.01215628
278 1.32565822
278 1.01260628
278 1.01260628
278 2.74331701
278 2.74421701
278 2.75031705
278 2.74566702
278 2.71331682
278 2.71296682
278 2.71336682
278 2.71876686
278 1.00910626
278 1.00905626
278 1.00900626
278 1.00895626
278 2.73096693
278 2.72721691
278 2.72716691
278 2.79156731
278 2.72641690
278 2.72576690
278 2.73511696
278 2.72606690
278 2.74786704
278 2.74471702
278 2.74406701
278 2.73686697
278 2.02721257
278 2.02791257
278 2.02791257
278 2.02786257
278 2.34791456
278 2.34236452
278 2.34046451
278 2.34071451
278 2.72936692
278 2.72496689
278 2.72461689
278 2.73011693
