610 7.28509670
610 7.28769677
610 7.29169688
610 7.28489669
610 4.57292347
610 4.57202344
610 4.57777360
610 4.57582355
610 4.68107639
610 4.68467649
610 4.67882633
610 4.68492649
610 3.69879987
610 3.69874987
610 3.68399947
610 3.68519950
610 4.03905905
610 4.04345917
610 4.04910933
610 4.04090910
610 4.29146587
610 4.29111586
610 4.29896607
610 4.29136587
610 7.56230418
610 7.56070414
610 7.56545427
610 7.56695431
610 3.78760227
610 3.78855229
610 3.79090235
610 3.78120209
610 4.04465921
610 4.04615925
610 4.04455920
610 4.04375918
610 4.44847011
610 4.44281996
610 4.43931986
610 4.43946987
610 4.17131263
610 4.17306267
610 4.17121262
610 4.17011259
610 4.69352673
610 4.69292671
610 4.69352673
610 4.69507677
610 4.55702304
610 4.55252292
610 4.55262292
610 4.55097288
610 4.51612194
610 4.51767198
610 4.51677195
610 4.51597193
610 3.77625196
610 3.78130210
610 3.78580222
610 3.78090208
610 7.34114821
610 7.34294826
610 7.32759785
610 7.30224716
610 3.78450218
610 3.78290214
610 3.77480192
610 3.77395190
610 7.49255230
610 7.48210202
610 7.48765217
610 7.48955222
610 3.76600168
610 3.77430191
610 3.78060208
610 3.77485192
610 3.80420271
610 3.80210266
610 3.80065262
610 3.79775254
610 5.09078745
610 5.20244047
610 4.98833469
610 4.97898443
610 4.33091693
610 4.33051692
610 4.33156695
610 4.33491704
610 4.42901958
610 4.42396945
610 4.42261941
610 4.42486947
610 4.06410973
610 4.06775983
610 4.06460974
610 4.06375972
610 6.48732516
610 6.49347532
610 6.49202528
610 6.48717515
610 3.69534977
610 3.69104966
610 3.69674981
610 3.69329972
610 3.67169914
610 3.67134913
610 3.67244916
610 3.67309917
610 4.38491839
610 4.37781820
610 4.37681817
610 4.37771820
610 4.45057017
610 4.44847011
610 4.46667060
610 4.42856957
610 4.27151533
610 4.26936527
610 4.27081531
610 4.27006529
