18 0.36895004
18 0.36950004
18 0.36980004
18 0.36960004
18 0.37395004
18 0.37010004
18 0.36740004
18 0.36830004
18 0.36745004
18 0.36750004
18 0.36810004
18 0.36655004
18 0.36555004
18 0.36655004
18 0.36595004
18 0.36595004
18 0.36745004
18 0.36795004
18 0.38625004
18 0.37720004
18 0.36790004
18 0.36730004
18 0.36800004
18 0.36735004
18 0.36875004
18 0.36965004
18 0.36910004
18 0.36840004
18 0.36760004
18 0.36570004
18 0.36585004
18 0.36610004
18 0.36815004
18 0.36820004
18 0.36840004
18 0.36770004
18 0.36890004
18 0.36895004
18 0.36915004
18 0.36890004
18 0.36595004
18 0.36530004
18 0.37005004
18 0.36615004
18 0.36945004
18 0.37130004
18 0.37295004
18 0.37355004
18 0.36895004
18 0.37015004
18 0.37030004
18 0.36905004
18 0.36825004
18 0.36920004
18 0.36915004
18 0.36835004
18 0.36570004
18 0.36640004
18 0.36615004
18 0.36605004
18 0.37120004
18 0.36790004
18 0.36860004
18 0.36635004
18 0.36945004
18 0.36885004
18 0.36920004
18 0.36895004
18 0.37025004
18 0.37080004
18 0.38050004
18 0.36935004
18 0.36740004
18 0.36615004
18 0.36635004
18 0.36585004
18 0.36755004
18 0.36855004
18 0.36780004
18 0.36780004
18 0.36835004
18 0.64830006
18 0.36645004
18 0.36795004
18 0.36590004
18 0.36640004
18 0.36910004
18 0.36700004
18 0.36835004
18 0.36840004
18 0.36905004
18 0.37130004
18 0.36755004
18 0.36710004
18 0.36800004
18 0.36730004
18 0.36915004
18 0.36975004
18 0.36925004
18 0.36790004
18 0.36575004
18 0.36640004
18 0.36610004
18 0.37075004
18 0.36950004
18 0.36885004
18 0.36875004
18 0.36875004
18 0.36735004
18 0.36790004
18 0.36755004
18 0.36745004
18 0.36825004
18 0.36850004
18 0.36795004
18 0.36740004
18 0.36570004
18 0.36595004
18 0.36605004
18 0.36595004
