890 7.25609387
890 7.24989362
890 7.25334376
890 7.24889358
890 7.27734473
890 7.28149490
890 7.28204492
890 7.27734473
890 7.26914440
890 7.26159409
890 7.25284374
890 7.23369296
890 5.40536892
890 5.41211919
890 5.41061913
890 5.40671897
890 6.81632606
890 6.80242550
890 6.81072583
890 6.80637566
890 6.17705017
890 6.18305041
890 6.26420370
890 6.18200037
890 7.35554790
890 7.35634793
890 7.35994808
890 7.35719797
890 6.98773300
890 6.98633295
890 6.98398285
890 6.99103314
890 4.73039158
890 4.72969155
890 4.73214165
890 4.74299209
890 7.67781095
890 7.68381119
890 7.67671091
890 7.69331158
890 4.48028145
890 4.48558167
890 4.47893140
890 4.49168191
890 5.96734168
890 5.97794211
890 5.98084222
890 5.97179186
890 5.38226798
890 5.40351884
890 5.38936827
890 5.38706818
890 7.74136353
890 7.72571289
890 7.72746296
890 7.74121352
890 7.03578495
890 7.04533534
890 7.04773543
890 7.05223562
890 6.93913103
890 6.91408002
890 6.89697933
890 6.90537967
890 7.51445434
890 7.53085500
890 7.51220424
890 7.50645401
890 4.44347996
890 4.44893018
890 4.44438000
890 4.44768013
890 6.82992661
890 6.83387677
890 6.82782653
890 6.85182750
890 7.22509262
890 7.22214250
890 7.19974159
890 7.20644186
890 4.48988184
890 4.54973426
890 4.49863219
890 4.49643211
890 5.11795728
890 5.12150742
890 5.14240827
890 5.13625802
890 7.25289374
890 7.25904399
890 7.25159369
890 7.25054365
890 5.18896015
890 5.18841013
890 5.18450997
890 5.18355993
890 7.75286399
890 7.74246357
890 7.74331360
890 7.74391363
890 6.78882495
890 6.78642485
890 6.78382474
890 6.79162506
890 7.22944279
890 7.22824274
890 7.23709310
890 7.22724270
890 7.44300144
890 7.44625157
890 7.46865248
890 7.45395189
890 7.54530558
890 7.56275629
890 7.55370593
890 7.55305590
890 7.23814314
890 7.22854276
890 7.21824234
890 7.24324335
