522 2.13905984
522 2.14000984
522 2.14065985
522 2.13970984
522 1.62860749
522 1.62725749
522 1.62715748
522 1.62740749
522 1.20750555
522 1.20590555
522 1.20600555
522 1.21050557
522 2.67116229
522 2.67066229
522 2.67161229
522 2.67066229
522 2.47446138
522 2.47036136
522 2.46091132
522 2.45936131
522 1.93745891
522 1.93660891
522 1.94385894
522 1.93790891
522 1.59180732
522 1.59170732
522 1.59005731
522 1.59165732
522 2.11960975
522 2.12345977
522 2.11870975
522 2.12380977
522 1.20010552
522 1.19940552
522 1.20135553
522 1.20000552
522 1.48370683
522 1.48420683
522 1.48335682
522 1.48815685
522 2.70916246
522 2.70886246
522 2.70976246
522 2.71406248
522 1.56600720
522 1.56415720
522 1.56530720
522 1.56400719
522 2.90411336
522 2.90521336
522 2.90771338
522 2.90926338
522 2.19466010
522 2.19296009
522 2.19266009
522 2.19311009
522 2.70846246
522 2.71991251
522 2.70916246
522 2.70966246
522 2.26796043
522 2.26311041
522 2.26276041
522 2.26466042
522 2.67716231
522 2.67691231
522 2.67716231
522 2.67701231
522 1.60715739
522 1.60620739
522 1.61145741
522 1.60625739
522 2.39146100
522 2.39196100
522 2.39291101
522 2.39366101
522 2.90286335
522 2.89891334
522 2.89976334
522 2.90376336
522 1.58335728
522 1.87020860
522 1.57710725
522 1.57810726
522 1.77215815
522 1.77245815
522 1.77285816
522 1.77230815
522 2.47216137
522 2.46666135
522 2.46696135
522 2.46441134
522 2.86346317
522 2.86261317
522 2.86411317
522 2.86371317
522 1.74470803
522 1.74415802
522 1.74435802
522 1.73875800
522 2.62036205
522 2.62076206
522 2.62001205
522 2.62066206
522 2.84296308
522 2.84276308
522 2.84366308
522 2.83911306
522 2.21516019
522 2.21506019
522 2.21461019
522 2.21431019
522 1.13670523
522 1.13845524
522 1.13885524
522 1.13730523
522 2.60596199
522 2.61116201
522 2.60551199
522 2.60551199
