390 1.99215199
390 1.99005199
390 1.99010199
390 1.98890199
390 2.80260280
390 2.80270280
390 2.80130280
390 2.80205280
390 2.74730275
390 2.74655275
390 2.74610275
390 2.75480275
390 1.07420107
390 1.07410107
390 1.07395107
390 1.07545108
390 1.53380153
390 1.53390153
390 1.53460153
390 1.53350153
390 1.94150194
390 1.94325194
390 1.94000194
390 1.94115194
390 2.07310207
390 2.06975207
390 2.07695208
390 2.06835207
390 1.99325199
390 1.99405199
390 2.00420200
390 1.99355199
390 1.65055165
390 1.65225165
390 1.64930165
390 1.65480165
390 2.81470281
390 2.81750282
390 2.81505282
390 2.81740282
390 1.77925178
390 1.78155178
390 1.77845178
390 1.77945178
390 2.51200251
390 2.51650252
390 2.51285251
390 2.51270251
390 2.47190247
390 2.47250247
390 2.47200247
390 2.47385247
390 2.82610283
390 2.94645295
390 2.81635282
390 2.81770282
390 2.45320245
390 2.45055245
390 2.45110245
390 2.45335245
390 2.81945282
390 2.81475281
390 2.81750282
390 2.81460281
390 2.39505240
390 2.39505240
390 2.39530240
390 2.39620240
390 2.63880264
390 2.64715265
390 2.64330264
390 2.63835264
390 2.80195280
390 2.80610281
390 2.80550281
390 2.80305280
390 2.67770268
390 2.67875268
390 2.68075268
390 2.67885268
390 1.17600118
390 1.29550130
390 1.17790118
390 1.17695118
390 2.74405274
390 2.74355274
390 2.74405274
390 2.74400274
390 2.83265283
390 2.83380283
390 2.83320283
390 2.83215283
390 2.41300241
390 2.41355241
390 2.41385241
390 2.41560242
390 2.62180262
390 2.61870262
390 2.62720263
390 2.61925262
390 1.94445194
390 1.94485194
390 1.94550195
390 1.94485194
390 2.83025283
390 2.83545284
390 2.83110283
390 2.83010283
390 2.06045206
390 2.07100207
390 2.06030206
390 2.06040206
390 2.35280235
390 2.34635235
390 2.34695235
390 2.34620235
390 1.51520152
390 1.60920161
390 1.50595151
390 1.49710150
