302 2.75175688
302 2.75055688
302 2.75005688
302 2.75805690
302 1.79780449
302 1.79535449
302 1.79915450
302 1.79530449
302 1.01680254
302 1.01595254
302 1.01605254
302 1.01595254
302 2.57525644
302 2.57585644
302 2.57505644
302 2.57580644
302 2.76020690
302 2.76420691
302 2.76035690
302 2.75305688
302 1.62005405
302 1.61920405
302 1.61995405
302 1.61930405
302 1.02080255
302 1.02060255
302 1.02065255
302 1.01985255
302 2.34420586
302 2.35115588
302 2.34520586
302 2.34435586
302 1.78045445
302 1.77975445
302 1.77875445
302 1.77970445
302 2.73775684
302 2.73750684
302 2.74365686
302 2.73745684
302 2.75040688
302 2.75175688
302 2.75180688
302 2.75205688
302 2.76785692
302 2.77035693
302 2.77525694
302 2.76860692
302 1.83890460
302 1.83875460
302 1.84415461
302 1.83875460
302 2.18225546
302 2.18235546
302 2.18210546
302 2.18295546
302 2.75570689
302 2.75520689
302 2.75220688
302 2.75305688
302 2.72355681
302 2.72145680
302 2.72115680
302 2.72200681
302 2.75295688
302 2.74990687
302 2.74800687
302 2.75040688
302 2.73410684
302 2.73345683
302 2.73405684
302 2.73365683
302 2.55445639
302 2.54990637
302 2.54705637
302 2.54850637
302 1.88990472
302 1.89035473
302 1.89045473
302 1.89045473
302 2.75900690
302 3.04745762
302 2.74925687
302 2.75095688
302 1.94420486
302 1.93755484
302 1.93780484
302 1.93780484
302 2.75045688
302 2.74925687
302 2.75025688
302 2.75070688
302 2.76235691
302 2.75510689
302 2.75020688
302 2.74990687
302 2.75820690
302 2.75770689
302 2.75800690
302 2.75890690
302 2.19045548
302 2.19390548
302 2.19070548
302 2.19020548
302 1.01515254
302 1.01515254
302 1.01520254
302 1.01600254
302 2.74990687
302 2.75005688
302 2.74990687
302 2.75170688
302 2.77505694
302 2.76945692
302 2.77110693
302 2.77495694
302 2.73935685
302 2.73735684
302 2.73750684
302 2.73800685
