766 4.12045425
766 4.11230404
766 4.11020399
766 4.11005398
766 4.65441776
766 4.66266797
766 4.66871812
766 4.65306772
766 7.34063572
766 7.33148549
766 7.32313528
766 7.35083598
766 5.52478978
766 5.50868937
766 5.56144070
766 5.49693907
766 4.28940852
766 4.36031032
766 4.29695871
766 4.28955853
766 7.28103421
766 7.27998418
766 7.28698436
766 7.28238424
766 7.20773236
766 7.22853288
766 7.22753286
766 7.24043318
766 7.11022989
766 7.09972962
766 7.10382973
766 7.09937961
766 7.26913391
766 7.25753362
766 7.25393352
766 7.25888365
766 5.83669767
766 5.81159703
766 5.81899722
766 5.80589689
766 4.33365964
766 4.33530968
766 4.32705947
766 4.32840951
766 4.41176162
766 4.40341141
766 4.39271114
766 4.40191137
766 7.36708639
766 7.36243627
766 7.37058648
766 7.36348630
766 4.43571222
766 4.43476220
766 4.42771202
766 4.42396193
766 7.20438227
766 7.20133219
766 7.20308224
766 7.19903214
766 7.08772932
766 7.08822933
766 7.07977912
766 7.08462924
766 7.34528584
766 7.35013596
766 7.34973595
766 7.35013596
766 7.66529393
766 7.66759399
766 7.64114332
766 7.63709322
766 4.47851331
766 4.46761303
766 4.46221289
766 4.46476296
766 7.07207892
766 7.07772907
766 7.04962836
766 7.05017837
766 4.36906054
766 4.37566070
766 4.37191061
766 4.36896053
766 4.97137578
766 4.97447585
766 4.97212579
766 4.97297582
766 4.37016057
766 4.36356040
766 4.36591046
766 4.37491069
766 4.38031082
766 4.38266088
766 4.37951080
766 4.38341090
766 4.33675972
766 4.33735974
766 4.33905978
766 4.34000980
766 7.12723032
766 7.13373048
766 7.13008039
766 7.12753033
766 4.18035576
766 4.17870572
766 4.17750569
766 4.17305558
766 7.19143194
766 7.19453202
766 7.19433202
766 7.19438202
766 4.27880825
766 4.29625870
766 4.28860850
766 4.28685846
766 5.09342886
766 5.09282885
766 5.09747897
766 5.09327886
