782 7.34442853
782 7.35707875
782 7.35007863
782 7.34597855
782 7.25097689
782 7.24472678
782 7.26797719
782 7.24732683
782 7.06602366
782 7.06902371
782 7.06097357
782 7.08152393
782 7.12462468
782 7.14232499
782 7.13787491
782 7.11987460
782 7.05262342
782 7.04412327
782 7.05582348
782 7.04047321
782 7.48113092
782 7.45438045
782 7.45353044
782 7.44618031
782 7.13652489
782 7.13407485
782 7.14317501
782 7.13347484
782 7.15307518
782 7.16012530
782 7.15347519
782 7.15442520
782 4.10152178
782 4.10567185
782 4.10662187
782 4.10167178
782 5.84875235
782 5.85780251
782 5.88245294
782 5.87315278
782 5.65029888
782 5.65099889
782 5.65859903
782 5.64999887
782 4.23802417
782 4.23867418
782 4.26037456
782 4.24857435
782 4.32997577
782 4.33392584
782 4.32787574
782 4.32852575
782 6.95212166
782 6.94522154
782 6.95402170
782 6.94917161
782 4.13777241
782 4.14027245
782 4.14007245
782 4.13652239
782 7.16187533
782 7.16342536
782 7.15672524
782 7.16197533
782 7.30792789
782 7.30977792
782 7.30792789
782 7.31632804
782 5.81680179
782 5.82530194
782 5.81845182
782 5.81670179
782 5.75780076
782 5.76185083
782 5.78055116
782 5.77305103
782 6.44636281
782 6.44421277
782 6.45706300
782 6.44936286
782 7.25312693
782 7.36517889
782 7.26032706
782 7.25797701
782 7.39452940
782 7.39277937
782 7.39702945
782 7.39367939
782 7.09252412
782 7.09972425
782 7.09567417
782 7.09417415
782 4.27542482
782 4.28477498
782 4.27252477
782 4.27677484
782 4.38917681
782 4.40687712
782 4.39197686
782 4.38437673
782 5.19429090
782 5.18919081
782 5.18629076
782 5.18579075
782 5.47564582
782 5.50429633
782 5.49709620
782 5.50389632
782 7.32372817
782 7.32927826
782 7.32117812
782 7.32187813
782 4.37022648
782 4.36617641
782 4.36717643
782 4.39282687
782 4.79368389
782 4.79783396
782 4.79463391
782 4.79238387
