502 2.14783437
502 2.14388430
502 2.14223428
502 2.14398430
502 2.69794317
502 2.69384310
502 2.69619314
502 2.69564313
502 2.31163699
502 2.31138698
502 2.31253700
502 2.31223700
502 2.84384550
502 2.84029544
502 2.83939543
502 2.83974544
502 2.28143650
502 2.27913647
502 2.27838645
502 2.27463639
502 1.97773164
502 1.97608162
502 1.97778164
502 1.97598162
502 2.53709059
502 2.53759060
502 2.53594058
502 2.53684059
502 1.10421767
502 1.10356766
502 1.10406767
502 1.10281765
502 1.09956759
502 1.10266764
502 1.10016760
502 1.09886758
502 1.88523016
502 1.88548017
502 1.88613018
502 1.88538017
502 1.63397614
502 1.63657619
502 1.62672603
502 1.62907607
502 2.02288237
502 2.02763244
502 2.02228236
502 2.02308237
502 1.75757812
502 1.75697811
502 1.75837813
502 1.75687811
502 2.40003840
502 2.40088841
502 2.39988840
502 2.40048841
502 1.10116762
502 1.09966759
502 1.10031761
502 1.09956759
502 2.69254308
502 2.69284309
502 2.69249308
502 2.69194307
502 1.10271764
502 1.10406767
502 1.10356766
502 1.10401766
502 1.70597730
502 1.70412727
502 1.70667731
502 1.70437727
502 1.93283093
502 1.93203091
502 1.93088089
502 1.93108090
502 1.53377454
502 1.53502456
502 1.53427455
502 1.52822445
502 1.90688051
502 2.34643754
502 1.91108058
502 1.90958055
502 1.64432631
502 1.64277628
502 1.64282629
502 1.64302629
502 2.86614586
502 2.86724588
502 2.86639586
502 2.86764588
502 1.56022496
502 1.55972496
502 1.56162499
502 1.56002496
502 2.39658835
502 2.39643834
502 2.39723836
502 2.39643834
502 2.18498496
502 2.18048489
502 2.18558497
502 2.18038489
502 2.30663691
502 2.30518688
502 2.30583689
502 2.30638690
502 2.17633482
502 2.17628482
502 2.17948487
502 2.17528480
502 1.42007272
502 1.41942271
502 1.42102274
502 1.41937271
502 2.13523416
502 2.13493416
502 2.13578417
502 2.13548417
