998 7.05312821
998 7.05232821
998 7.04757819
998 7.04727819
998 7.09322837
998 7.09382838
998 7.09337837
998 7.08962836
998 7.66668067
998 7.66328065
998 7.66238065
998 7.66638067
998 7.30822923
998 7.33222933
998 7.31242925
998 7.31387926
998 7.04732819
998 7.05282821
998 7.05207821
998 7.04992820
998 7.12797851
998 7.13252853
998 7.12907852
998 7.12687851
998 7.47377990
998 7.46847987
998 7.47307989
998 7.47562990
998 5.56587226
998 5.56952228
998 5.56527226
998 5.56617226
998 6.77772711
998 6.78357713
998 6.77857711
998 6.79842719
998 6.86462746
998 6.86107744
998 6.86112744
998 6.86467746
998 7.26887908
998 7.26467906
998 7.26757907
998 7.26477906
998 6.52827611
998 6.49772599
998 6.49332597
998 6.51602606
998 7.41687967
998 7.42217969
998 7.41522966
998 7.41422966
998 7.65378062
998 7.65473062
998 7.65078060
998 7.65343061
998 7.25137901
998 7.25077900
998 7.25932904
998 7.25017900
998 6.90082760
998 6.89802759
998 6.90372761
998 6.89672759
998 6.74822699
998 6.76057704
998 6.74812699
998 6.75227701
998 7.49642999
998 7.49012996
998 7.49447998
998 7.48917996
998 7.57753031
998 7.58038032
998 7.57448030
998 7.57783031
998 6.91487766
998 6.91572766
998 6.92567770
998 6.91497766
998 7.48452994
998 7.53278013
998 7.21477886
998 7.21567886
998 7.55753023
998 7.54638019
998 7.55558022
998 7.54693019
998 5.44212177
998 5.43917176
998 5.44102176
998 5.44317177
998 6.90892764
998 6.88297753
998 6.88357753
998 6.88892756
998 5.58307233
998 5.58377234
998 5.58477234
998 5.59767239
998 7.34227937
998 7.34557938
998 7.34307937
998 7.35742943
998 7.37502950
998 7.37822951
998 7.35822943
998 7.34557938
998 7.23692895
998 7.20997884
998 7.20512882
998 7.20597882
998 7.17042868
998 7.16127865
998 7.16322865
998 7.16072864
998 6.66137665
998 6.66032664
998 6.66197665
998 6.67067668
