974 6.92769720
974 6.92259698
974 6.92814722
974 6.92354702
974 7.27086192
974 7.27441207
974 7.26736177
974 7.26866183
974 7.29881312
974 7.30511339
974 7.29821309
974 7.30961358
974 6.98734976
974 6.96089862
974 6.95924855
974 6.96959900
974 7.49587157
974 7.49687162
974 7.50247186
974 7.50037177
974 7.76663319
974 7.76693320
974 7.76938331
974 7.76493312
974 7.08430392
974 7.08930413
974 7.07835366
974 7.07830366
974 6.89364574
974 6.89129564
974 6.90299614
974 6.90324615
974 4.98136370
974 4.98041366
974 4.98451384
974 4.98026365
974 7.25661131
974 7.25311116
974 7.25696132
974 7.25691132
974 7.30721348
974 7.30556341
974 7.31061363
974 7.30871354
974 6.06971039
974 6.07561064
974 6.07416058
974 6.06996040
974 7.58012519
974 7.58117523
974 7.58437537
974 7.57982517
974 7.02435134
974 7.02590141
974 7.01700103
974 7.01545096
974 6.93094734
974 6.92849723
974 6.92759719
974 6.93219739
974 7.70073036
974 7.69793024
974 7.69628017
974 7.70228043
974 7.69668019
974 7.70088037
974 7.68702977
974 7.67432923
974 7.38666689
974 7.39376719
974 7.38651688
974 7.38951701
974 5.21572375
974 5.21352366
974 5.21197359
974 5.21087355
974 6.25741844
974 6.26196864
974 6.25631840
974 6.26201864
974 7.38166667
974 7.41231799
974 7.38216669
974 7.38771693
974 6.58288241
974 6.58228238
974 6.58348243
974 6.58658256
974 5.15397111
974 5.15427112
974 5.15552117
974 5.15017094
974 7.05210254
974 7.05080248
974 7.05345259
974 7.05980287
974 6.59443290
974 6.59568295
974 6.60958355
974 6.61843393
974 7.68277959
974 7.68352962
974 7.68612973
974 7.68117952
974 7.00090034
974 7.00080033
974 6.99725018
974 6.99880025
974 7.24586085
974 7.24516082
974 7.24181067
974 7.25436121
974 6.37792361
974 6.37697357
974 6.37947368
974 6.38102375
974 7.40336760
974 7.40421764
974 7.41476809
974 7.40381762
