298 2.74865385
298 2.74660385
298 2.74785385
298 2.74645385
298 2.32415325
298 2.32430325
298 2.32930326
298 2.32485325
298 2.74720385
298 2.74805385
298 2.74630384
298 2.74865385
298 2.08225292
298 2.08145291
298 2.08365292
298 2.09100293
298 2.73545383
298 2.73480383
298 2.73535383
298 2.73475383
298 1.01895143
298 1.01870143
298 1.01970143
298 1.01965143
298 2.75445386
298 2.75510386
298 2.74735385
298 2.75245385
298 2.73580383
298 2.73560383
298 2.73475383
298 2.73520383
298 2.66055372
298 2.66505373
298 2.66045372
298 2.66205373
298 2.75615386
298 2.75435386
298 2.75525386
298 2.75435386
298 2.73505383
298 2.74095384
298 2.73485383
298 2.73980384
298 2.74830385
298 2.74775385
298 2.74670385
298 2.74770385
298 2.76040386
298 2.76700387
298 2.75920386
298 2.76050386
298 1.02210143
298 1.01920143
298 1.01415142
298 1.01415142
298 2.73510383
298 2.73470383
298 2.73495383
298 2.73475383
298 2.74960385
298 2.75080385
298 2.74595384
298 2.74995385
298 2.64510370
298 2.64580370
298 2.64600370
298 2.64800371
298 1.40835197
298 1.40820197
298 1.40965197
298 1.40825197
298 2.62420367
298 2.62245367
298 2.62230367
298 2.62310367
298 2.75815386
298 2.76125387
298 2.75800386
298 2.76140387
298 2.75465386
298 2.91325408
298 2.75285385
298 2.75390386
298 2.74005384
298 2.73465383
298 2.73640383
298 2.73540383
298 2.74845385
298 2.76375387
298 2.74755385
298 2.74845385
298 2.75470386
298 2.75600386
298 2.76205387
298 2.75580386
298 2.76655387
298 2.77305388
298 2.76485387
298 2.76640387
298 1.01470142
298 1.00965141
298 1.00965141
298 1.00960141
298 2.75575386
298 2.75595386
298 2.75565386
298 2.75595386
298 2.75605386
298 2.75545386
298 2.75435386
298 2.75610386
298 2.75520386
298 2.75565386
298 2.74645385
298 2.74900385
298 2.27850319
298 2.27855319
298 2.27925319
298 2.28285320
