14 0.32285010
14 0.32315010
14 0.32140010
14 0.32385010
14 0.32020010
14 0.32015010
14 0.31995010
14 0.32015010
14 0.32290010
14 0.32220010
14 0.32395010
14 0.32290010
14 0.32295010
14 0.32165010
14 0.32125010
14 0.32170010
14 0.32315010
14 0.32210010
14 0.32305010
14 0.32230010
14 0.32265010
14 0.32250010
14 0.32000010
14 0.31995010
14 0.32150010
14 0.32220010
14 0.32175010
14 0.32155010
14 0.32215010
14 0.32390010
14 0.32160010
14 0.32290010
14 0.32165010
14 0.32475010
14 0.32700010
14 0.32160010
14 0.31985010
14 0.32025010
14 0.32005010
14 0.31995010
14 0.32140010
14 0.32165010
14 0.32055010
14 0.32560010
14 0.32315010
14 0.32290010
14 0.32395010
14 0.32230010
14 0.31985010
14 0.32025010
14 0.32010010
14 0.31990010
14 0.32095010
14 0.32130010
14 0.32250010
14 0.32085010
14 0.32470010
14 0.32325010
14 0.32160010
14 0.32145010
14 0.32090010
14 0.32215010
14 0.32320010
14 0.32060010
14 0.31995010
14 0.32025010
14 0.32010010
14 0.31990010
14 0.32170010
14 0.32935010
14 0.32245010
14 0.32085010
14 0.32280010
14 0.32250010
14 0.32305010
14 0.32290010
14 0.32090010
14 0.32220010
14 0.32170010
14 0.32155010
14 0.32240010
14 0.56085017
14 0.32145010
14 0.32080010
14 0.32025010
14 0.32020010
14 0.31990010
14 0.32015010
14 0.32140010
14 0.32185010
14 0.32240010
14 0.32165010
14 0.32215010
14 0.32245010
14 0.32210010
14 0.32315010
14 0.32175010
14 0.32140010
14 0.32170010
14 0.32160010
14 0.31990010
14 0.32015010
14 0.32015010
14 0.31990010
14 0.32175010
14 0.32145010
14 0.32245010
14 0.32170010
14 0.32280010
14 0.32330010
14 0.32310010
14 0.32560010
14 0.32240010
14 0.32315010
14 0.32210010
14 0.32245010
14 0.32025010
14 0.32020010
14 0.31990010
14 0.32020010
