770 4.23495423
770 4.24175424
770 4.25720426
770 4.24605425
770 4.24815425
770 4.24290424
770 4.23425423
770 4.22950423
770 4.20180420
770 4.19640420
770 4.18820419
770 4.17390417
770 4.13030413
770 4.11775412
770 4.12225412
770 4.11635412
770 7.49835750
770 7.51375751
770 7.49530750
770 7.50300750
770 7.17675718
770 7.16845717
770 7.16915717
770 7.17845718
770 4.95680496
770 4.93845494
770 4.93690494
770 4.93970494
770 6.48730649
770 6.49890650
770 6.49195649
770 6.48230648
770 4.43135443
770 4.49575450
770 4.47730448
770 4.37120437
770 4.77030477
770 4.77605478
770 4.78875479
770 4.77635478
770 4.33350433
770 4.32320432
770 4.32975433
770 4.32290432
770 7.41880742
770 7.43015743
770 7.42665743
770 7.42240742
770 7.12160712
770 7.12760713
770 7.12130712
770 7.12155712
770 4.47800448
770 4.45855446
770 4.45325445
770 4.44930445
770 4.27325427
770 4.27355427
770 4.27960428
770 4.27330427
770 5.21430521
770 5.21640522
770 5.21420521
770 5.21775522
770 4.19000419
770 4.18645419
770 4.18490418
770 4.18450418
770 4.76020476
770 4.75525476
770 4.75535476
770 4.75655476
770 7.12630713
770 7.12740713
770 7.12380712
770 7.12135712
770 4.27045427
770 4.26480426
770 4.26465426
770 4.26555427
770 5.24250524
770 5.46010546
770 5.28150528
770 5.26255526
770 7.41320741
770 7.40615741
770 7.41255741
770 7.41135741
770 7.14675715
770 7.14585715
770 7.14630715
770 7.15030715
770 4.32080432
770 4.32720433
770 4.32105432
770 4.32110432
770 4.31110431
770 4.33025433
770 4.31685432
770 4.32420432
770 4.22610423
770 4.22990423
770 4.22615423
770 4.22625423
770 4.14915415
770 4.14840415
770 4.16455416
770 4.13200413
770 4.36200436
770 4.36260436
770 4.36275436
770 4.36180436
770 4.20015420
770 4.21145421
770 4.21435421
770 4.21515422
770 4.27575428
770 4.27890428
770 4.27500428
770 4.27515428
