846 4.38582280
846 4.37677255
846 4.37777258
846 4.37812259
846 7.65136424
846 7.65871444
846 7.65216426
846 7.66151452
846 7.63411376
846 7.62731356
846 7.65536435
846 7.65521435
846 7.19720152
846 7.19640150
846 7.21805211
846 7.20290168
846 7.24710292
846 7.25185305
846 7.24775294
846 7.23345254
846 7.20055162
846 7.20660178
846 7.21445200
846 7.21010188
846 4.62617953
846 4.61422920
846 4.60602897
846 4.60952907
846 7.26850352
846 7.26175333
846 7.24420284
846 7.25615317
846 6.44103035
846 6.43833027
846 6.43698024
846 6.45123063
846 4.36667227
846 4.36077210
846 4.35962207
846 4.35782202
846 4.37202242
846 4.37862260
846 4.36737229
846 4.37057238
846 7.25595317
846 7.25710320
846 7.24620289
846 7.25245307
846 4.82358506
846 4.82003496
846 4.81438480
846 4.80708460
846 5.89836515
846 5.89411504
846 5.88796486
846 5.89311501
846 6.90649338
846 6.92449389
846 6.89769314
846 6.89799314
846 7.22760237
846 7.19360142
846 7.19330141
846 7.16860072
846 7.02639674
846 7.01689647
846 7.04129716
846 7.04539727
846 7.29120415
846 7.29020413
846 7.29540427
846 7.28910409
846 7.16680067
846 7.17225082
846 7.17215082
846 7.18655122
846 7.15240027
846 7.15715040
846 7.14114995
846 7.14845016
846 7.48780966
846 7.61751329
846 7.51601045
846 7.52251063
846 4.36657226
846 4.36682227
846 4.36797230
846 4.36667227
846 4.41377359
846 4.41137352
846 4.41837371
846 4.41752369
846 5.20084562
846 5.20859584
846 5.20049561
846 5.20019561
846 7.15950047
846 7.16885073
846 7.16485062
846 7.16035049
846 6.93849428
846 6.92929402
846 6.92759397
846 6.92704396
846 5.82126300
846 5.81631286
846 5.79906237
846 5.79906237
846 7.41320757
846 7.40770742
846 7.40750741
846 7.41245755
846 7.53351094
846 7.53376095
846 7.53406095
846 7.52731076
846 5.58910649
846 5.58735645
846 5.59260659
846 5.59180657
