750 7.00762519
750 7.01417535
750 7.00432511
750 6.96782420
750 7.35373384
750 7.32098302
750 7.32433311
750 7.32528313
750 7.36193405
750 7.37793445
750 7.36023401
750 7.36373409
750 4.30610765
750 4.30095752
750 4.29760744
750 4.29705743
750 4.25310633
750 4.25860647
750 4.26275657
750 4.25630641
750 7.16817920
750 7.15507888
750 7.14452861
750 7.13042826
750 4.52766319
750 4.52621316
750 4.53571339
750 4.56741419
750 6.44151104
750 6.46411160
750 6.46456161
750 6.45976149
750 4.17140429
750 4.17415435
750 4.17435436
750 4.17020426
750 7.20968024
750 7.20233006
750 7.20903023
750 7.19752994
750 6.05310133
750 6.03210080
750 6.03155079
750 6.03385085
750 4.80167004
750 4.80507013
750 4.80797020
750 4.80627016
750 4.48656216
750 4.49876247
750 4.50156254
750 4.49896247
750 5.39723493
750 5.39223481
750 5.39358484
750 5.39183480
750 7.45603640
750 7.46693667
750 7.45018625
750 7.45428636
750 4.32655816
750 4.32660817
750 4.32810820
750 4.32645816
750 4.19650491
750 4.19850496
750 4.20745519
750 4.20405510
750 4.95742394
750 4.96342409
750 4.99447486
750 4.95817395
750 7.52273807
750 7.52698817
750 7.55863897
750 7.51383785
750 4.43861097
750 4.43761094
750 4.43616090
750 4.45471137
750 7.36058401
750 7.31968299
750 7.15587890
750 7.14947874
750 7.43028576
750 7.43163579
750 7.42538563
750 7.42303558
750 4.51646291
750 4.52426311
750 4.51471287
750 4.51726293
750 7.31033276
750 7.31758294
750 7.30883272
750 7.30713268
750 6.11030276
750 6.11900298
750 6.11160279
750 6.11225281
750 7.45023626
750 7.44648616
750 7.44328608
750 7.44488612
750 4.26470662
750 4.26070652
750 4.24695617
750 4.25410635
750 5.68249206
750 5.68834221
750 5.68449211
750 5.67994200
750 4.33545839
750 4.34405860
750 4.33305833
750 4.33410835
750 7.39213480
750 7.39478487
750 7.38918473
750 7.38683467
