218 2.56600334
218 2.56610334
218 2.56825334
218 2.56580334
218 0.96345125
218 0.96245125
218 0.96310125
218 0.96560126
218 1.92725251
218 1.92725251
218 1.92725251
218 1.92715251
218 1.92740251
218 1.92655250
218 1.92755251
218 1.92725251
218 1.72695225
218 1.72665224
218 1.73160225
218 1.72680224
218 2.58040335
218 2.58115336
218 2.58485336
218 2.57930335
218 2.57765335
218 2.57680335
218 2.57755335
218 2.58450336
218 2.49740325
218 2.49655325
218 2.49725325
218 2.49720325
218 2.57340335
218 2.56745334
218 2.56735334
218 2.56820334
218 0.96335125
218 0.96250125
218 0.96275125
218 0.96230125
218 2.57865335
218 2.58240336
218 2.57775335
218 2.57925335
218 2.56605334
218 2.56590334
218 2.57050334
218 2.56750334
218 2.57805335
218 2.57810335
218 2.57795335
218 2.57890335
218 2.58730336
218 2.58730336
218 2.58575336
218 2.59580337
218 2.58880337
218 2.59700338
218 2.71275353
218 2.58200336
218 2.56600334
218 2.56595334
218 2.56580334
218 2.57135334
218 2.57755335
218 2.57875335
218 2.57795335
218 2.57860335
218 2.58175336
218 2.57695335
218 2.57775335
218 2.57690335
218 0.96315125
218 0.96315125
218 0.96210125
218 0.96235125
218 2.56770334
218 2.57020334
218 2.56585334
218 2.57725335
218 2.59510337
218 2.86280372
218 2.58705336
218 2.60265338
218 0.95490124
218 0.95475124
218 0.95490124
218 0.95560124
218 2.58470336
218 2.58555336
218 2.58965337
218 2.59560337
218 2.60325338
218 2.59780338
218 2.60190338
218 2.59935338
218 1.32005172
218 1.31205171
218 1.31360171
218 1.31910171
218 0.96940126
218 0.95805125
218 0.96555126
218 0.95495124
218 2.59840338
218 2.58825336
218 2.58660336
218 2.57940335
218 2.58090336
218 2.57990335
218 2.58810336
218 2.62265341
218 2.59955338
218 2.59705338
218 2.59615337
218 2.60480339
218 2.57470335
218 2.57360335
218 2.57355335
218 2.58040335
