386 2.68422443
386 2.68547444
386 2.68382442
386 2.68717445
386 2.23767036
386 2.23837037
386 2.23752036
386 2.23692036
386 1.56281422
386 1.56601425
386 1.56191421
386 1.56386423
386 2.79912547
386 2.79897547
386 2.79872547
386 2.79982548
386 2.81392561
386 2.81812564
386 2.81822565
386 2.81462561
386 2.55762327
386 2.55837328
386 2.55757327
386 2.55977329
386 2.55267323
386 2.55352324
386 2.55747327
386 2.55402324
386 1.07335977
386 1.07335977
386 1.07340977
386 1.07330977
386 2.18956993
386 2.18871992
386 2.19041993
386 2.19046993
386 2.81757564
386 2.81782564
386 2.81502562
386 2.81352560
386 2.15131958
386 2.15066957
386 2.15036957
386 2.15341960
386 2.61527380
386 2.61552380
386 2.61837383
386 2.61767382
386 2.82942575
386 2.83032576
386 2.82942575
386 2.83007575
386 1.07785981
386 1.07865982
386 1.07800981
386 1.08230985
386 2.79897547
386 2.80077549
386 2.79917547
386 2.80037548
386 2.72527480
386 2.72812483
386 2.72547480
386 2.72642481
386 1.08300986
386 1.08140984
386 1.08215985
386 1.07930982
386 2.33022121
386 2.33037121
386 2.32887119
386 2.33052121
386 2.52487298
386 2.52472297
386 2.52957302
386 2.52982302
386 2.58722354
386 2.58562353
386 2.58567353
386 2.58557353
386 1.08230985
386 1.30921191
386 1.08150984
386 1.08325986
386 2.32752118
386 2.32837119
386 2.32762118
386 2.33427124
386 1.07870982
386 1.08025983
386 1.07860982
386 1.07865982
386 2.63452397
386 2.63477398
386 2.63437397
386 2.63367397
386 2.82212568
386 2.82987575
386 2.82217568
386 2.83207577
386 1.42291295
386 1.42241294
386 1.42316295
386 1.42276295
386 1.07955982
386 1.07880982
386 1.07865982
386 1.07970983
386 2.83342578
386 2.84127586
386 2.83277578
386 2.83327578
386 2.81602563
386 2.81597563
386 2.81522562
386 2.81697563
386 1.89561725
386 1.89891728
386 1.89491724
386 1.89456724
