450 1.64056641
450 1.63741637
450 1.63666637
450 1.63736637
450 2.84232842
450 2.84282843
450 2.84227842
450 2.84302843
450 2.39147391
450 2.39137391
450 2.39147391
450 2.39182392
450 1.64791648
450 1.63761638
450 1.63831638
450 1.63776638
450 2.57057571
450 2.57132571
450 2.56992570
450 2.57557576
450 2.57887579
450 2.57717577
450 2.58327583
450 2.57782578
450 2.85517855
450 2.85597856
450 2.85682857
450 2.85592856
450 2.83307833
450 2.83342833
450 2.84132841
450 2.83222832
450 2.78412784
450 2.78352784
450 2.78432784
450 2.78422784
450 1.85221852
450 1.79061791
450 1.79396794
450 1.78976790
450 2.11892119
450 2.11972120
450 2.11872119
450 2.11907119
450 2.58697587
450 2.58682587
450 2.58757588
450 2.58662587
450 1.74456745
450 1.74471745
450 1.74521745
450 1.74366744
450 1.50356504
450 1.50351504
450 1.50351504
450 1.50356504
450 2.10232102
450 2.10797108
450 2.10192102
450 2.10712107
450 1.85001850
450 1.85016850
450 1.85486855
450 1.85996860
450 2.84852849
450 2.84642846
450 2.84637846
450 2.84777848
450 1.09406094
450 1.10216102
450 1.09321093
450 1.09461095
450 2.81167812
450 2.81147811
450 2.81117811
450 2.81177812
450 2.77832778
450 2.77412774
450 2.77917779
450 2.77347773
450 2.36652367
450 2.66727667
450 2.36657367
450 2.36577366
450 1.54511545
450 1.54486545
450 1.54476545
450 1.54626546
450 2.84507845
450 2.85027850
450 2.85802858
450 2.84592846
450 1.97451975
450 1.97276973
450 1.97356974
450 1.97251973
450 1.65106651
450 1.65251653
450 1.65091651
450 1.66181662
450 1.72226722
450 1.72201722
450 1.72211722
450 1.72196722
450 1.09131091
450 1.09126091
450 1.09126091
450 1.09066091
450 2.81012810
450 2.80917809
450 2.81347813
450 2.81077811
450 2.85627856
450 2.85427854
450 2.85607856
450 2.85602856
450 1.12826128
450 1.12931129
450 1.12821128
450 1.12806128
