1022 6.86806552
1022 6.86956556
1022 6.87446567
1022 6.86736550
1022 5.92919289
1022 5.92769286
1022 5.93294298
1022 5.92804287
1022 7.23637440
1022 7.23612439
1022 7.23997448
1022 7.23467436
1022 6.64931025
1022 6.65286033
1022 6.65346035
1022 6.64906024
1022 6.05414590
1022 6.06199609
1022 6.05394590
1022 6.05384590
1022 7.41937881
1022 7.41637873
1022 7.41927880
1022 7.41522871
1022 7.44517943
1022 7.43847927
1022 7.43772925
1022 7.43997930
1022 6.95206754
1022 6.94471737
1022 6.93956724
1022 6.91976677
1022 7.20537365
1022 7.20732370
1022 7.18432314
1022 7.18317311
1022 6.99061847
1022 6.99531859
1022 6.98966845
1022 6.98951845
1022 6.55630801
1022 6.55265792
1022 6.57475845
1022 6.57180838
1022 6.68261105
1022 6.67631090
1022 6.67626090
1022 6.67716092
1022 5.78678946
1022 5.78878951
1022 5.78558943
1022 5.78388939
1022 7.26917519
1022 7.26942519
1022 7.26892518
1022 7.27277527
1022 6.32975255
1022 6.32210236
1022 6.32240237
1022 6.33205260
1022 6.99086848
1022 6.99156850
1022 6.99486858
1022 6.98716839
1022 7.53603162
1022 7.54453182
1022 7.53673164
1022 7.53428158
1022 7.59253298
1022 7.58828288
1022 7.56263226
1022 7.56053221
1022 7.25637488
1022 7.25657488
1022 7.25542486
1022 7.25682489
1022 6.98446833
1022 6.98361831
1022 6.97171802
1022 6.93771720
1022 7.53263154
1022 7.80378807
1022 7.28102547
1022 7.28237551
1022 7.60238322
1022 7.59838312
1022 7.59858313
1022 7.60163320
1022 7.57293251
1022 7.56818239
1022 7.56648235
1022 7.57273250
1022 6.60620921
1022 6.61305937
1022 6.61180934
1022 6.60505918
1022 6.04524569
1022 6.04484568
1022 6.04979580
1022 6.04469568
1022 7.28102547
1022 7.28537558
1022 7.28382554
1022 7.28152548
1022 7.41462869
1022 7.41907880
1022 7.41512870
1022 7.42022883
1022 7.12722177
1022 7.12202164
1022 7.12367168
1022 7.12317167
1022 5.87479158
1022 5.87614162
1022 5.88309178
1022 5.87729164
1022 7.25662488
1022 7.27097523
1022 7.27947544
1022 7.28052546
