414 2.54955943
414 2.54945943
414 2.55410945
414 2.55250944
414 1.07915399
414 1.07980400
414 1.07900399
414 1.07920399
414 2.19410812
414 2.19330812
414 2.19420812
414 2.19390812
414 2.20365815
414 2.19945814
414 2.19595813
414 2.19265811
414 1.07385397
414 1.07405397
414 1.07465398
414 1.07380397
414 1.55765576
414 1.55925577
414 1.55675576
414 1.55760576
414 2.83441049
414 2.83706050
414 2.84306052
414 2.82631046
414 1.47830547
414 1.47940547
414 1.47850547
414 1.47855547
414 2.73301011
414 2.73356011
414 2.73971014
414 2.73756013
414 2.38925884
414 2.38745883
414 2.38855884
414 2.38765883
414 1.77180656
414 1.76920655
414 1.77005655
414 1.76935655
414 2.75286019
414 2.75766020
414 2.75121018
414 2.75146018
414 1.08455401
414 1.08375401
414 1.08280401
414 1.08365401
414 2.82696046
414 2.82676046
414 2.83141048
414 2.83721050
414 2.84741054
414 2.84676053
414 2.85001055
414 2.84811054
414 1.07395397
414 1.07415397
414 1.07385397
414 1.07390397
414 1.70625631
414 1.70945632
414 1.70515631
414 1.70595631
414 2.82656046
414 2.82666046
414 2.82666046
414 2.82651046
414 1.08275401
414 1.08275401
414 1.08590402
414 1.08780402
414 2.81916043
414 2.81536042
414 2.81451041
414 2.81586042
414 1.07955399
414 1.11510413
414 1.07900399
414 1.07830399
414 2.81461041
414 2.81516042
414 2.81661042
414 2.81901043
414 2.70130999
414 2.70110999
414 2.70231000
414 2.70186000
414 1.08275401
414 1.08270401
414 1.08360401
414 1.08265401
414 2.83231048
414 2.82871047
414 2.83146048
414 2.82676046
414 1.69695628
414 1.69610628
414 1.69625628
414 1.69600628
414 1.63980607
414 1.63980607
414 1.64025607
414 1.64020607
414 1.08355401
414 1.08280401
414 1.08270401
414 1.08300401
414 1.68750624
414 1.68590624
414 1.68845625
414 1.68580624
414 1.07405397
414 1.07390397
414 1.07370397
414 1.07475398
