482 2.84570321
482 2.84565321
482 2.84680324
482 2.84720324
482 1.98333709
482 1.98318709
482 1.98408710
482 1.98318709
482 1.51507833
482 1.51022824
482 1.50942823
482 1.50862821
482 2.86820364
482 2.87060368
482 2.86830364
482 2.87300373
482 1.08652032
482 1.08547030
482 1.08532030
482 1.08692033
482 1.26667369
482 1.25907354
482 1.25962355
482 1.25822353
482 1.53462870
482 1.53302867
482 1.53367868
482 1.53292867
482 1.09527048
482 1.09447047
482 1.09432046
482 1.09462047
482 1.08552030
482 1.08542030
482 1.08632031
482 1.08537030
482 1.09077040
482 1.08982038
482 1.09067040
482 1.08992038
482 1.47027749
482 1.46912747
482 1.46932748
482 1.47012749
482 1.08557030
482 1.08552030
482 1.09042039
482 1.08547030
482 2.83075294
482 2.83605303
482 2.83145295
482 2.84060312
482 2.07773885
482 2.07998890
482 2.07758885
482 2.07838887
482 1.09457047
482 1.09542048
482 1.09407046
482 1.09472047
482 1.61763025
482 1.61173014
482 1.61168014
482 1.61173014
482 2.85790344
482 2.85805345
482 2.85910347
482 2.86255353
482 1.70383186
482 1.70598190
482 1.70518189
482 1.70523189
482 2.04783829
482 2.04918832
482 2.04763829
482 2.04928832
482 1.64323073
482 1.64318073
482 1.64313073
482 1.64413075
482 1.42937673
482 1.66568115
482 1.42992674
482 1.43147677
482 1.08567030
482 1.08547030
482 1.08582030
482 1.08557030
482 1.80068367
482 1.80253371
482 1.80073367
482 1.80328372
482 1.78003329
482 1.77898327
482 1.77828325
482 1.77893327
482 1.09537048
482 1.09377045
482 1.09507048
482 1.09447047
482 2.52689725
482 2.52614724
482 2.52674725
482 2.53104733
482 1.59297979
482 1.58702968
482 1.58767969
482 1.58762969
482 2.06308858
482 2.06278857
482 2.06193856
482 2.06368859
482 2.54864766
482 2.55499778
482 2.54684763
482 2.54679763
482 2.01563769
482 2.01363766
482 2.01363766
482 2.01368766
