794 4.35090837
794 4.33405776
794 4.33175768
794 4.33295772
794 4.32780753
794 4.32695750
794 4.31965724
794 4.32280735
794 4.35490852
794 4.36230879
794 4.35320846
794 4.36055872
794 4.15580127
794 4.15800135
794 4.15530125
794 4.16810172
794 7.44442098
794 7.45117122
794 7.44722108
794 7.46322166
794 5.69420727
794 5.68930709
794 5.69745739
794 5.68370689
794 7.18161141
794 7.17716125
794 7.18301146
794 7.16296073
794 4.20165294
794 4.20165294
794 4.22105365
794 4.20890320
794 6.33243050
794 6.33723068
794 6.33888074
794 6.32778033
794 7.17496117
794 7.16851093
794 7.15401041
794 7.15926060
794 7.44942116
794 7.45547138
794 7.44832112
794 7.45377132
794 5.75005930
794 5.73740884
794 5.75030931
794 5.74925927
794 4.72852212
794 4.71807174
794 4.72657205
794 4.71802174
794 6.10197211
794 6.10847235
794 6.10222212
794 6.10417219
794 4.66561983
794 4.67132004
794 4.66301973
794 4.66536982
794 7.08390785
794 7.09975843
794 7.08740798
794 7.09515826
794 7.38016864
794 7.37821857
794 7.37556847
794 7.37576848
794 4.25080473
794 4.25370483
794 4.22345373
794 4.22190368
794 7.40391950
794 7.37566847
794 7.37646850
794 7.36476808
794 6.05882054
794 6.05137027
794 6.05617044
794 6.04281996
794 4.34170804
794 4.39320991
794 4.34550818
794 4.35705860
794 7.27346475
794 7.27286473
794 7.27096466
794 7.27596485
794 7.00130485
794 7.00665504
794 6.97090374
794 6.96285345
794 7.66262892
794 7.66677907
794 7.66462899
794 7.66687907
794 7.34531737
794 7.34046719
794 7.33826711
794 7.33821711
794 6.99005444
794 7.00195487
794 6.99505462
794 6.99935478
794 4.25610492
794 4.25140475
794 4.25310481
794 4.25165476
794 7.45322130
794 7.45492136
794 7.44807111
794 7.45367131
794 7.46002154
794 7.46052156
794 7.46282165
794 7.45972153
794 4.37270917
794 4.36310882
794 4.38590965
794 4.36970906
