698 4.79779942
698 4.79954944
698 4.78639930
698 4.79359937
698 4.15709282
698 4.15789283
698 4.15819283
698 4.15879284
698 4.03719158
698 4.03064152
698 4.02999151
698 4.02994151
698 4.45769591
698 4.45329587
698 4.45824592
698 4.45229586
698 7.32042540
698 7.31962539
698 7.31947539
698 7.31707537
698 4.36654498
698 4.36244493
698 4.36639497
698 4.36209493
698 4.07804200
698 4.07739200
698 4.07594198
698 4.07994202
698 4.51544651
698 4.51579651
698 4.51569651
698 4.51929655
698 4.13969264
698 4.13184256
698 4.13354258
698 4.13394258
698 7.10247316
698 7.10657320
698 7.11047324
698 7.10192315
698 4.35039481
698 4.35489486
698 4.34934480
698 4.35014481
698 4.39074522
698 4.39169523
698 4.39809530
698 4.39134523
698 7.15202367
698 7.17092386
698 7.16122376
698 7.15217367
698 7.08742300
698 7.09327306
698 7.08477297
698 7.08697300
698 4.09079214
698 4.08794211
698 4.08199204
698 4.08674209
698 4.69159832
698 4.69069831
698 4.69324834
698 4.69464835
698 6.32556515
698 6.33241522
698 6.32801518
698 6.32996520
698 3.99849118
698 4.00364124
698 3.99274113
698 3.98464104
698 4.00229122
698 3.99759118
698 3.99789118
698 3.99829118
698 5.97726157
698 5.97561155
698 5.96836147
698 5.97071150
698 4.09464217
698 4.34524476
698 4.09719220
698 4.09709220
698 7.18837404
698 7.18472400
698 7.18417400
698 7.19002406
698 4.13619260
698 4.13404258
698 4.13739262
698 4.13434258
698 4.65174791
698 4.64129781
698 4.63764777
698 4.63824777
698 4.56494702
698 4.54594682
698 4.54294679
698 4.53239668
698 4.13529259
698 4.13389258
698 4.13374258
698 4.13454259
698 4.50734643
698 4.50904644
698 4.50754643
698 4.51209647
698 4.08469207
698 4.07979202
698 4.07929202
698 4.08204205
698 4.50499640
698 4.50539641
698 4.50974645
698 4.50499640
698 4.13494259
698 4.13589260
698 4.14314267
698 4.13099255
