318 1.01960133
318 1.01870132
318 1.01875132
318 1.01870132
318 2.75205358
318 2.75200358
318 2.75285358
318 2.75685358
318 1.32380172
318 1.32465172
318 1.32310172
318 1.32515172
318 2.77480361
318 2.77455361
318 2.77400361
318 2.77620361
318 2.11950276
318 2.12410276
318 2.12015276
318 2.11935276
318 2.75275358
318 2.75190358
318 2.75195358
318 2.75245358
318 2.23770291
318 2.23835291
318 2.23985291
318 2.24125291
318 2.77545361
318 2.77495361
318 2.77460361
318 2.77460361
318 1.92255250
318 1.92375250
318 1.92245250
318 1.92735251
318 2.44315318
318 2.44235318
318 2.44380318
318 2.44230317
318 2.77425361
318 2.77405361
318 2.77385361
318 2.78440362
318 2.77545361
318 2.76595360
318 2.76840360
318 2.76665360
318 1.01440132
318 1.02405133
318 1.01505132
318 1.01685132
318 1.86900243
318 1.86765243
318 1.87230243
318 1.86675243
318 1.83290238
318 1.83305238
318 1.83380238
318 1.83275238
318 2.76440359
318 2.76395359
318 2.76375359
318 2.76560360
318 1.95830255
318 1.95680254
318 1.95460254
318 1.95555254
318 2.76565360
318 2.76410359
318 2.76465359
318 2.76635360
318 2.62815342
318 2.62810342
318 2.62520341
318 2.62610341
318 2.17545283
318 2.17545283
318 2.17560283
318 2.17540283
318 2.67810348
318 2.82560367
318 2.67695348
318 2.67845348
318 2.75190358
318 2.75310358
318 2.75570358
318 2.75435358
318 2.78340362
318 2.77140360
318 2.76365359
318 2.76640360
318 1.01965133
318 1.01950133
318 1.01955133
318 1.01950133
318 1.02185133
318 1.02220133
318 1.02585133
318 1.02275133
318 2.75220358
318 2.75190358
318 2.75200358
318 2.75400358
318 2.76390359
318 2.76475359
318 2.76650360
318 2.76735360
318 1.64180213
318 1.64300214
318 1.64435214
318 1.64215213
318 2.76815360
318 2.76835360
318 2.76735360
318 2.76980360
318 2.75815359
318 2.75185358
318 2.75215358
318 2.75190358
