90 2.03545204
90 2.03450203
90 2.03305203
90 2.03595204
90 2.03800204
90 2.04385204
90 2.03260203
90 2.03460203
90 2.03865204
90 2.03515204
90 2.03260203
90 2.03925204
90 2.02315202
90 2.02370202
90 2.02320202
90 2.02550203
90 2.03955204
90 2.03330203
90 2.03325203
90 2.03640204
90 2.03340203
90 2.03435203
90 2.03750204
90 2.03550204
90 2.03825204
90 2.03905204
90 2.04145204
90 2.04560205
90 0.76780077
90 0.76805077
90 0.76700077
90 0.76875077
90 2.03405203
90 2.03455203
90 2.03215203
90 2.03415203
90 2.03885204
90 2.07520208
90 2.04120204
90 2.04645205
90 2.02295202
90 2.02635203
90 2.02930203
90 2.02360202
90 2.03935204
90 2.03980204
90 2.04375204
90 2.04465204
90 0.90785091
90 0.90595091
90 0.90615091
90 0.90465090
90 2.04195204
90 2.04265204
90 2.08245208
90 2.03620204
90 2.02285202
90 2.02220202
90 2.02485202
90 2.02350202
90 2.03830204
90 2.04240204
90 2.03305203
90 2.03350203
90 2.04180204
90 2.04465204
90 2.03350203
90 2.03520204
90 1.88130188
90 1.88280188
90 1.87835188
90 1.88055188
90 2.02330202
90 2.02355202
90 2.02395202
90 2.02375202
90 2.04150204
90 2.04235204
90 2.04105204
90 2.03875204
90 2.04355204
90 2.21745222
90 2.04520205
90 2.04040204
90 0.76760077
90 0.76735077
90 0.76700077
90 0.76725077
90 2.03295203
90 2.03440203
90 2.03935204
90 2.03515204
90 2.04160204
90 2.04010204
90 2.04005204
90 2.04310204
90 2.03320203
90 2.03415203
90 2.03630204
90 2.03285203
90 2.02430202
90 2.02355202
90 2.02155202
90 2.02420202
90 0.90855091
90 0.91060091
90 0.90895091
90 0.90335090
90 2.03420203
90 2.03420203
90 2.03520204
90 2.03365203
90 2.04730205
90 2.04010204
90 2.03155203
90 2.03305203
90 2.02495202
90 2.02700203
90 2.02430202
90 2.02520203
