566 3.19681234
566 3.19081222
566 3.18921219
566 3.18951220
566 3.40146633
566 3.40341637
566 3.40196634
566 3.40496640
566 3.78772386
566 3.78772386
566 3.79172394
566 3.78742385
566 3.18246206
566 3.18696215
566 3.18491211
566 3.18246206
566 3.07120989
566 3.07881004
566 3.07335993
566 3.08056007
566 2.98785826
566 2.98605823
566 2.98505821
566 2.98505821
566 4.23943267
566 4.23968267
566 4.23863265
566 4.22893246
566 3.02800905
566 3.02610901
566 3.02435898
566 3.03005909
566 3.70227219
566 3.71132237
566 3.70372222
566 3.70317221
566 3.71337241
566 3.71052236
566 3.70832231
566 3.71247239
566 3.44036709
566 3.43731703
566 3.43826705
566 3.43816704
566 3.08316012
566 3.08106008
566 3.08546017
566 3.07881004
566 3.09021026
566 3.09211030
566 3.08916024
566 3.08836022
566 3.60782035
566 3.60967039
566 3.59892018
566 3.59652013
566 3.69332202
566 3.69312202
566 3.69267201
566 3.69742210
566 3.23296304
566 3.23396306
566 3.23991318
566 3.24126320
566 3.89197589
566 3.89182589
566 3.90102607
566 3.89437594
566 3.00710864
566 3.00805866
566 3.00665863
566 3.00635862
566 3.15886160
566 3.15371150
566 3.15441151
566 3.15431151
566 3.19741235
566 3.17736196
566 3.17661194
566 3.17676195
566 2.91320681
566 3.22556290
566 2.90225659
566 2.90125657
566 2.94745748
566 2.94550744
566 2.95090754
566 2.94620745
566 2.91595686
566 2.91500684
566 2.91575686
566 2.91585686
566 2.90120657
566 2.90205659
566 2.91025675
566 2.90150658
566 3.05690961
566 3.06065968
566 3.05885965
566 3.06290973
566 4.20803206
566 4.21203213
566 4.19833187
566 4.19758185
566 4.19243175
566 4.19083172
566 4.20203194
566 4.19053172
566 3.34391521
566 3.34446522
566 3.34586524
566 3.34436522
566 3.81287435
566 3.81567441
566 3.80032411
566 3.78982390
566 3.36576563
566 3.36551563
566 3.36646565
566 3.38566602
