30 0.45240045
30 0.45300045
30 0.45285045
30 0.45140045
30 0.44925045
30 0.44925045
30 0.44910045
30 0.44895045
30 0.45380045
30 0.45220045
30 0.45300045
30 0.45265045
30 0.45165045
30 0.45140045
30 0.45135045
30 0.45205045
30 0.45300045
30 0.45440045
30 0.46090046
30 0.45435045
30 0.44920045
30 0.44920045
30 0.44925045
30 0.44920045
30 0.45310045
30 0.45300045
30 0.45295045
30 0.45195045
30 0.45265045
30 0.45260045
30 0.45205045
30 0.45290045
30 0.45215045
30 0.45300045
30 0.45285045
30 0.45285045
30 0.45080045
30 0.44935045
30 0.44895045
30 0.44910045
30 0.45200045
30 0.45160045
30 0.45225045
30 0.45210045
30 0.45150045
30 0.45220045
30 0.45140045
30 0.45065045
30 0.44920045
30 0.45360045
30 0.44930045
30 0.45005045
30 0.45155045
30 0.45145045
30 0.45150045
30 0.45145045
30 0.45195045
30 0.45265045
30 0.45605046
30 0.45140045
30 0.45155045
30 0.45145045
30 0.45225045
30 0.45135045
30 0.44925045
30 0.44915045
30 0.44925045
30 0.45325045
30 0.45305045
30 0.45365045
30 0.45300045
30 0.45260045
30 0.45290045
30 0.45195045
30 0.45370045
30 0.45280045
30 0.45290045
30 0.45375045
30 0.45390045
30 0.45285045
30 0.45145045
30 0.53155053
30 0.45150045
30 0.45135045
30 0.44935045
30 0.44930045
30 0.44925045
30 0.44920045
30 0.45165045
30 0.45145045
30 0.45135045
30 0.45125045
30 0.45270045
30 0.45215045
30 0.45360045
30 0.45295045
30 0.45225045
30 0.46145046
30 0.45330045
30 0.45215045
30 0.44930045
30 0.44895045
30 0.44915045
30 0.44920045
30 0.45130045
30 0.45155045
30 0.45145045
30 0.45075045
30 0.45340045
30 0.45295045
30 0.45195045
30 0.45290045
30 0.45195045
30 0.45240045
30 0.45150045
30 0.45140045
30 0.44925045
30 0.44930045
30 0.44920045
30 0.44915045
