930 4.71663254
930 4.71668254
930 4.71228246
930 4.71118245
930 5.76695092
930 5.77180101
930 5.75860078
930 5.74585055
930 6.94302150
930 6.95272167
930 6.94572155
930 6.94322151
930 7.08397397
930 7.08062391
930 7.07882388
930 7.07937389
930 6.92747123
930 6.92202114
930 6.92317116
930 6.92647121
930 7.51218146
930 7.51048143
930 7.52218164
930 7.51068144
930 7.00777264
930 7.00987267
930 7.01037268
930 7.00837265
930 6.58981532
930 6.59706545
930 6.58596525
930 6.57051498
930 7.08462398
930 7.08067391
930 7.07997390
930 7.07897388
930 5.78965132
930 5.78035116
930 5.78025115
930 5.78185118
930 7.25562697
930 7.25167690
930 7.25027688
930 7.25812702
930 7.36387887
930 7.36457888
930 7.43688015
930 7.36382887
930 5.68579950
930 5.68354946
930 5.69584968
930 5.68409947
930 7.32657822
930 7.32797824
930 7.33257832
930 7.32792824
930 6.69206711
930 6.71006743
930 6.69701720
930 6.69231712
930 7.14237499
930 7.14797509
930 7.14102497
930 7.13957494
930 7.11082444
930 7.10202429
930 7.10112427
930 7.10212429
930 7.67048423
930 7.67258427
930 7.67343429
930 7.67768436
930 7.24762683
930 7.24917686
930 7.25767701
930 7.25262692
930 6.81106919
930 6.82366941
930 6.81081919
930 6.81161920
930 6.79591893
930 7.17532557
930 7.03642314
930 7.03902318
930 5.95795426
930 5.95955429
930 5.95955429
930 5.95400420
930 6.94127147
930 6.94332151
930 6.94747158
930 6.93622138
930 7.24697682
930 7.25062689
930 7.25232692
930 7.24427677
930 4.87193526
930 4.88648551
930 4.87198526
930 4.87098524
930 7.45323043
930 7.46213059
930 7.40902966
930 7.39652944
930 7.05897353
930 7.08197393
930 7.08097392
930 7.08422397
930 7.49278112
930 7.49138110
930 7.49298113
930 7.50228129
930 7.53573188
930 7.53598188
930 7.50553135
930 7.50263130
930 6.85006988
930 6.85031988
930 6.83261957
930 6.82941951
