94 2.01760908
94 2.01815908
94 2.01925909
94 2.01380906
94 1.66380749
94 1.66575750
94 1.66825751
94 1.69675764
94 2.01570907
94 2.01265906
94 2.01425906
94 2.01690908
94 2.02210910
94 2.02135910
94 2.02215910
94 2.02080909
94 0.78120352
94 0.78175352
94 0.78840355
94 0.78200352
94 2.00290901
94 2.00585903
94 2.00605903
94 2.00640903
94 2.02345911
94 2.02120910
94 2.02515911
94 2.02155910
94 0.78105351
94 0.78120352
94 0.78105351
94 0.78285352
94 2.01685908
94 2.01210905
94 2.01345906
94 2.01610907
94 2.00240901
94 2.00600903
94 2.00575903
94 2.00715903
94 2.01880908
94 2.01320906
94 2.02065909
94 2.01330906
94 2.03255915
94 2.02740912
94 2.02750912
94 2.02795913
94 2.01145905
94 2.04525920
94 2.01245906
94 2.00530902
94 2.03070914
94 2.02220910
94 2.02400911
94 2.02150910
94 2.01490907
94 2.01425906
94 2.01425906
94 2.01305906
94 2.01940909
94 2.02505911
94 2.02655912
94 2.02850913
94 0.77845350
94 0.77755350
94 0.77740350
94 0.77750350
94 0.78140352
94 0.78130352
94 0.78035351
94 0.78140352
94 2.01890909
94 2.02950913
94 2.02150910
94 2.02180910
94 2.02060909
94 2.02470911
94 2.01950909
94 2.02055909
94 2.01705908
94 2.15355969
94 2.01480907
94 2.01485907
94 2.00445902
94 2.00805904
94 2.00585903
94 2.00965904
94 2.01335906
94 2.01455907
94 2.01445907
94 2.01630907
94 2.01425906
94 2.01790908
94 2.01460907
94 2.01580907
94 2.01305906
94 2.02025909
94 2.01420906
94 2.01295906
94 2.00515902
94 2.00770903
94 2.00565903
94 2.00645903
94 1.95895882
94 1.95810881
94 1.96050882
94 1.95790881
94 2.03145914
94 2.01795908
94 2.01590907
94 2.01565907
94 2.02000909
94 2.01995909
94 2.02525911
94 2.02140910
94 2.00525902
94 2.00580903
94 2.00690903
94 2.00665903
