62 0.62225124
62 0.62065124
62 0.62045124
62 0.62060124
62 0.62545125
62 0.62460125
62 0.62280125
62 0.62365125
62 0.62585125
62 0.62570125
62 0.62495125
62 0.62680125
62 0.62445125
62 0.62510125
62 0.62835126
62 0.62450125
62 0.62075124
62 0.62055124
62 0.62075124
62 0.62090124
62 0.62440125
62 0.62290125
62 0.62350125
62 0.62290125
62 0.62600125
62 0.62725125
62 0.62500125
62 0.62670125
62 0.62375125
62 0.62365125
62 0.62365125
62 0.62525125
62 0.62160124
62 0.62345125
62 0.62225124
62 0.62140124
62 0.62380125
62 0.62350125
62 0.62650125
62 0.62360125
62 0.62395125
62 0.62445125
62 0.62335125
62 0.62350125
62 0.62575125
62 0.62670125
62 0.62510125
62 0.62595125
62 0.62070124
62 0.62060124
62 0.62225124
62 0.62080124
62 0.62450125
62 0.62380125
62 0.62440125
62 0.62465125
62 0.62430125
62 0.62370125
62 0.62355125
62 0.62375125
62 0.62445125
62 0.62370125
62 0.62430125
62 0.62530125
62 0.62055124
62 0.62055124
62 0.62075124
62 0.62095124
62 0.62465125
62 0.62290125
62 0.62375125
62 0.62310125
62 0.62510125
62 0.62655125
62 0.62515125
62 0.62670125
62 0.62590125
62 0.62520125
62 0.62520125
62 0.62610125
62 0.62375125
62 0.62395125
62 0.62370125
62 0.62355125
62 0.62085124
62 0.62070124
62 0.62150124
62 0.62060124
62 0.62370125
62 0.62295125
62 0.62360125
62 0.62315125
62 0.62560125
62 0.62575125
62 0.62495125
62 0.62585125
62 0.62730125
62 0.62870126
62 0.62725125
62 0.62895126
62 0.62070124
62 0.62055124
62 0.62070124
62 0.62060124
62 0.62540125
62 0.62680125
62 0.62530125
62 0.62590125
62 0.62815126
62 0.63660127
62 0.62450125
62 0.62600125
62 0.62675125
62 0.62585125
62 0.62510125
62 0.62610125
62 0.62065124
62 0.62170124
62 0.62075124
62 0.62085124
