694 7.12305970
694 7.13025981
694 7.12595974
694 7.12190968
694 4.10601323
694 4.11296334
694 4.11911343
694 4.10526322
694 7.40526404
694 7.40206399
694 7.38876379
694 7.38281370
694 4.10491322
694 4.10326319
694 4.10416320
694 4.10691325
694 6.48919993
694 6.48999995
694 6.49705005
694 6.52020041
694 7.41526420
694 7.41986427
694 7.41971426
694 7.41371417
694 4.88417522
694 4.86382490
694 4.86962499
694 4.86542493
694 3.86085946
694 3.86025945
694 3.86010945
694 3.86370950
694 4.52941975
694 4.53001976
694 4.52936975
694 4.53391982
694 4.41961806
694 4.41241795
694 4.41251795
694 4.41376797
694 4.06051253
694 4.05961252
694 4.06506260
694 4.05951252
694 7.38201368
694 7.36991350
694 7.36646344
694 7.36046335
694 4.06206256
694 4.06281257
694 4.06946267
694 4.06186255
694 4.10226317
694 4.10151316
694 4.10501322
694 4.10081315
694 4.01946190
694 4.02041191
694 4.02116193
694 4.02531199
694 7.14165998
694 7.13555989
694 7.13375986
694 7.13700991
694 4.63442137
694 4.62862128
694 4.62942129
694 4.62777127
694 4.16301411
694 4.17266426
694 4.16241410
694 4.16211410
694 4.32691663
694 4.33366674
694 4.32851666
694 4.33446675
694 6.57505126
694 6.57240121
694 6.58425140
694 6.54890085
694 7.43366448
694 7.16866040
694 7.09965933
694 7.12185968
694 4.47076885
694 4.47191887
694 4.47036884
694 4.47581893
694 4.06046253
694 4.04651232
694 4.05676247
694 4.06436259
694 4.33061669
694 4.33371674
694 4.33831681
694 4.32956668
694 4.53436983
694 4.53596985
694 4.54411998
694 4.54336997
694 4.07306273
694 4.07676278
694 4.07366273
694 4.07266272
694 4.36021715
694 4.35506707
694 4.35666709
694 4.35501707
694 4.32326658
694 4.31416644
694 4.32046654
694 4.31171640
694 5.76683881
694 5.76563879
694 5.76878884
694 5.76343876
694 4.25801557
694 4.24896543
694 4.25316550
694 4.25621555
