946 6.89736175
946 6.89826178
946 6.90641203
946 6.89741175
946 6.07313645
946 6.06713626
946 6.06133608
946 6.06178610
946 7.54883175
946 7.57493255
946 7.55468193
946 7.55608197
946 7.05866670
946 7.05811668
946 7.06081677
946 7.06161679
946 6.93436288
946 6.91406226
946 6.91511229
946 6.91751237
946 7.23612215
946 7.23532212
946 7.24602245
946 7.23667217
946 6.94136310
946 6.94076308
946 6.94596324
946 6.93956304
946 7.33692524
946 7.35162569
946 7.33832529
946 7.33742526
946 5.40101581
946 5.39891575
946 5.39801572
946 5.39751570
946 7.11526844
946 7.10426810
946 7.10316807
946 7.10731819
946 7.18372054
946 7.17877039
946 7.17747035
946 7.19507089
946 7.18367054
946 7.18407055
946 7.18687064
946 7.18257050
946 7.72433714
946 7.73923759
946 7.72833726
946 7.72578718
946 6.98841454
946 6.99441473
946 6.98986459
946 6.98791453
946 7.07196711
946 7.05536660
946 7.05336654
946 7.05266652
946 6.81200913
946 6.81180912
946 6.81050908
946 6.81845933
946 6.98096432
946 6.98176434
946 6.98466443
946 6.98126432
946 7.51728078
946 7.52258094
946 7.52193092
946 7.51768079
946 7.34717556
946 7.34912562
946 7.34497549
946 7.34452548
946 7.03406595
946 7.02356562
946 7.02406564
946 7.02246559
946 6.65785440
946 7.06601693
946 6.70035570
946 6.70380581
946 7.49418007
946 7.49868021
946 7.50093028
946 7.49418007
946 7.48412976
946 7.49238002
946 7.48417976
946 7.48407976
946 7.26647308
946 7.22407178
946 7.20997135
946 7.22037167
946 6.87556108
946 6.87741114
946 6.87811116
946 6.88466136
946 7.62503409
946 7.62688415
946 7.63523440
946 7.62733416
946 7.28132354
946 7.27987349
946 7.26137292
946 7.24872254
946 5.02125415
946 5.03075444
946 5.02135416
946 5.02035412
946 5.24686108
946 5.23731079
946 5.22541042
946 5.22581043
946 6.91396226
946 6.92456258
946 6.91401226
946 6.91251221
