194 2.54456934
194 2.54291933
194 2.54466934
194 2.54451934
194 2.54321933
194 2.54491934
194 2.54401933
194 2.54396933
194 2.54336933
194 2.54411934
194 2.54411934
194 2.54411934
194 2.52726921
194 2.52271917
194 2.52271917
194 2.52306918
194 2.53916930
194 2.53401926
194 2.53561927
194 2.53536927
194 2.54336933
194 2.54601935
194 2.54411934
194 2.54386933
194 2.54416934
194 2.54336933
194 2.54261932
194 2.54566935
194 2.52286917
194 2.52751921
194 2.52266917
194 2.52351918
194 2.54156932
194 2.54531934
194 2.54141931
194 2.54356933
194 2.53681928
194 2.53596927
194 2.53981930
194 2.53606927
194 2.52291917
194 2.52366918
194 2.52281917
194 2.52351918
194 2.46856876
194 2.46926877
194 2.46916877
194 2.47331880
194 2.53371926
194 2.53561927
194 2.53736928
194 2.53526927
194 2.54306933
194 2.54131931
194 2.54161932
194 2.54471934
194 2.52516919
194 2.52311918
194 2.52271917
194 2.52366918
194 2.54436934
194 2.54576935
194 2.54421934
194 2.54386933
194 2.55026938
194 2.54261932
194 2.54356933
194 2.54486934
194 0.94825721
194 0.94740720
194 0.94730720
194 0.94740720
194 1.15130875
194 1.13985866
194 1.14150868
194 1.14050867
194 2.54746936
194 2.53496927
194 2.53561927
194 2.53481926
194 1.84506402
194 2.03981550
194 1.84491402
194 1.84476402
194 2.53311925
194 2.52416918
194 2.52306918
194 2.52476919
194 2.54396933
194 2.54396933
194 2.54341933
194 2.54511934
194 2.53596927
194 2.53676928
194 2.53526927
194 2.53591927
194 2.56076946
194 2.54416934
194 2.54496934
194 2.54481934
194 2.52366918
194 2.52281917
194 2.52441919
194 2.52371918
194 2.54071931
194 2.53446926
194 2.53366926
194 2.53516927
194 1.04710796
194 1.05880805
194 1.05450801
194 1.05065799
194 1.80736374
194 1.80861375
194 1.80726374
194 1.81571380
194 2.11051604
194 2.10566600
194 2.10721601
194 2.10556600
