906 7.20196800
906 7.20386801
906 7.20866802
906 7.19006798
906 7.01301753
906 7.01726754
906 7.01571754
906 7.02706757
906 7.11816780
906 7.11476779
906 7.11071778
906 7.10926777
906 4.99491249
906 5.01736254
906 5.00866252
906 4.99976250
906 6.88316721
906 6.86591716
906 6.86911717
906 6.87426719
906 7.22641807
906 7.21721804
906 7.19596799
906 7.19511799
906 5.08331271
906 5.08996272
906 5.10271276
906 5.11161278
906 4.97996245
906 4.97866245
906 4.97581244
906 4.97236243
906 7.07836770
906 7.08476771
906 7.06771767
906 7.06326766
906 6.94746737
906 6.95196738
906 6.96726742
906 6.96771742
906 6.33701584
906 6.33511584
906 6.33546584
906 6.33206583
906 7.27616819
906 7.26331816
906 7.26366816
906 7.26961817
906 7.26281816
906 7.23376808
906 7.23101808
906 7.22966807
906 7.00431751
906 6.99876750
906 7.00261751
906 6.99156748
906 5.82106455
906 5.81201453
906 5.81016453
906 5.81256453
906 7.24061810
906 7.22631807
906 7.21441804
906 7.21196803
906 6.90576726
906 6.89726724
906 6.90616727
906 7.00206751
906 7.24426811
906 7.24341811
906 7.24946812
906 7.24311811
906 4.53736134
906 4.53851135
906 4.56036140
906 4.55041138
906 7.13931785
906 7.12766782
906 7.14776787
906 7.15426789
906 7.48316871
906 7.55891890
906 7.52851882
906 7.52386881
906 7.38596846
906 7.38256846
906 7.38396846
906 7.38121845
906 7.27691819
906 7.27226818
906 7.27056818
906 7.27606819
906 6.04201511
906 6.04061510
906 6.04236511
906 6.05101513
906 7.53131883
906 7.53121883
906 7.53831885
906 7.52961882
906 4.68541171
906 4.68556171
906 4.69786174
906 4.70006175
906 7.02776757
906 7.02746757
906 7.03426759
906 7.02581756
906 7.09051773
906 7.09766774
906 7.09616774
906 7.11281778
906 7.47086868
906 7.47266868
906 7.46866867
906 7.46816867
906 7.21081803
906 7.20141800
906 7.20181800
906 7.20796802
