214 2.57892605
214 2.57852604
214 2.57842604
214 2.58312609
214 2.56892595
214 2.56712593
214 2.56717593
214 2.56707593
214 0.96475974
214 0.96075970
214 0.96075970
214 0.96205972
214 1.78421802
214 1.78436802
214 1.78421802
214 1.78426802
214 2.58852614
214 2.58847614
214 2.58842614
214 2.60242628
214 2.60312629
214 2.60612632
214 2.59427620
214 2.67827705
214 0.96340973
214 0.97930989
214 0.97075980
214 0.97270982
214 2.12497146
214 2.16657188
214 2.16912191
214 2.21947242
214 2.63807664
214 2.59477621
214 2.57897605
214 2.57877605
214 0.95925969
214 0.95695967
214 0.95610966
214 0.95680966
214 2.57862604
214 2.58342609
214 2.57837604
214 2.57952605
214 2.59422620
214 2.58912615
214 2.58762614
214 2.59157617
214 2.59602622
214 2.59587622
214 2.59237618
214 2.58947615
214 2.56722593
214 2.56802594
214 2.56707593
214 2.56942595
214 2.58827614
214 2.58812614
214 2.59282619
214 2.58952615
214 2.58877615
214 2.59377620
214 2.58762614
214 2.58837614
214 2.30377327
214 2.30212325
214 2.29242315
214 2.29922322
214 1.76021778
214 1.75841776
214 1.75861776
214 1.75911777
214 2.57847604
214 2.58012606
214 2.57822604
214 2.57907605
214 2.59632622
214 2.59257619
214 2.59222618
214 2.59247618
214 0.96640976
214 0.97630986
214 0.96345973
214 0.96880978
214 2.12487146
214 2.12362145
214 2.13227154
214 2.12532147
214 0.95705967
214 0.95605966
214 0.95710967
214 0.95700967
214 2.58507611
214 2.58697613
214 2.58472611
214 2.58467611
214 0.96075970
214 0.95990970
214 0.95985969
214 0.95985969
214 2.58877615
214 2.58132607
214 2.57697603
214 2.58787614
214 2.59397620
214 2.60007626
214 2.58947615
214 2.59892625
214 0.96120971
214 0.96875978
214 0.96540975
214 0.96945979
214 2.60157628
214 2.60212628
214 2.60442630
214 2.59602622
214 2.58422610
214 2.57852604
214 2.56837594
214 2.56792594
