758 4.41033749
758 4.40178742
758 4.40253742
758 4.43658771
758 7.05916000
758 7.05911000
758 7.05700998
758 7.05490997
758 7.42176308
758 7.42676313
758 7.41931306
758 7.42491311
758 7.43026316
758 7.42806314
758 7.42826314
758 7.42546312
758 4.28083639
758 4.27568634
758 4.27963638
758 4.27768636
758 4.73684026
758 4.73614026
758 4.73329023
758 4.73619026
758 4.22763593
758 4.22608592
758 4.22748593
758 4.22768594
758 7.21231130
758 7.21086129
758 7.20926128
758 7.20671126
758 7.18501107
758 7.18111104
758 7.17906102
758 7.19311114
758 6.30575360
758 6.30310358
758 6.30605360
758 6.30220357
758 7.45791339
758 7.45526337
758 7.46181343
758 7.45671338
758 4.23718602
758 4.23668601
758 4.24793611
758 4.24573609
758 5.27929487
758 5.27199481
758 5.25919470
758 5.26914479
758 7.22556142
758 7.22326140
758 7.22711143
758 7.22001137
758 7.37516269
758 7.37611270
758 7.37106265
758 7.37811271
758 4.33823688
758 4.34188691
758 4.34028689
758 4.33813687
758 4.89469160
758 4.89369160
758 4.89384160
758 4.88544153
758 4.16123537
758 4.15908535
758 4.15743534
758 4.15673533
758 4.29723653
758 4.39643737
758 4.27708636
758 4.28058638
758 7.04670990
758 7.04220986
758 7.06216003
758 7.04220986
758 4.35603703
758 4.63083936
758 4.35273700
758 4.35023698
758 4.20363573
758 4.19253564
758 4.19168563
758 4.19468565
758 4.77279057
758 4.77109055
758 4.77169056
758 4.77024055
758 7.45751339
758 7.46316344
758 7.45756339
758 7.44016324
758 4.17588550
758 4.17498549
758 4.16883544
758 4.17468548
758 7.07036010
758 7.07991018
758 7.07451013
758 7.07661015
758 4.25253615
758 4.24993612
758 4.24988612
758 4.25083613
758 4.26668627
758 4.26383624
758 4.26258623
758 4.26748627
758 4.41713755
758 4.40773747
758 4.39113732
758 4.39298734
758 4.33103681
758 4.33088681
758 4.33063681
758 4.32168673
