158 2.43960537
158 2.44105537
158 2.43965537
158 2.44020537
158 2.45320540
158 2.45540540
158 2.45230540
158 2.45380540
158 2.45260540
158 2.45175539
158 2.45350540
158 2.45365540
158 2.44900539
158 2.44700538
158 2.46045541
158 2.45375540
158 2.00630441
158 2.00210440
158 2.00195440
158 2.00345441
158 2.44505538
158 2.44690538
158 2.44575538
158 2.44655538
158 2.44540538
158 2.44540538
158 2.45345540
158 2.44605538
158 2.45215539
158 2.45305540
158 2.45575540
158 2.45320540
158 0.90450199
158 0.90550199
158 0.90460199
158 0.90465199
158 2.45335540
158 2.46760543
158 2.46215542
158 2.46450542
158 2.44340538
158 2.44375538
158 2.44500538
158 2.44415538
158 1.95420430
158 1.95410430
158 1.96000431
158 1.95400430
158 0.90950200
158 0.90925200
158 0.90945200
158 0.90965200
158 2.45290540
158 2.45545540
158 2.44465538
158 2.44855539
158 2.44825539
158 2.45065539
158 2.44555538
158 2.44530538
158 0.90495199
158 0.90490199
158 0.90485199
158 0.90480199
158 2.45490540
158 2.45485540
158 2.45880541
158 2.45515540
158 2.44715538
158 2.44560538
158 2.44580538
158 2.44670538
158 2.46115541
158 2.46385542
158 2.46180542
158 2.46135541
158 2.43300535
158 2.43715536
158 2.43300535
158 2.43370535
158 2.45345540
158 2.52065555
158 2.45405540
158 2.46415542
158 2.44425538
158 2.43385535
158 2.43745536
158 2.43450536
158 2.45430540
158 2.45355540
158 2.45335540
158 2.45500540
158 2.45375540
158 2.46790543
158 2.46165542
158 2.46950543
158 2.45700541
158 2.45555540
158 2.46090541
158 2.45465540
158 2.44975539
158 2.44515538
158 2.45335540
158 2.44415538
158 2.46440542
158 2.45390540
158 2.46525542
158 2.45415540
158 2.45505540
158 2.45975541
158 2.45310540
158 2.46825543
158 2.46740543
158 2.44650538
158 2.44325538
158 2.44550538
158 2.43390535
158 2.43315535
158 2.43305535
158 2.43460536
