254 2.64625529
254 2.64530529
254 2.64680529
254 2.64585529
254 2.63890528
254 2.63800528
254 2.63725527
254 2.63905528
254 2.62685525
254 2.62630525
254 2.63120526
254 2.62710525
254 2.64960530
254 2.64870530
254 2.65385531
254 2.64100528
254 2.65390531
254 2.64820530
254 2.64825530
254 2.64760530
254 2.21125442
254 2.20325441
254 2.20300441
254 2.20385441
254 2.62695525
254 2.63030526
254 2.62645525
254 2.63330527
254 2.66260533
254 2.66475533
254 2.66220532
254 2.65800532
254 2.64695529
254 2.64675529
254 2.63815528
254 2.63790528
254 2.65570531
254 2.65635531
254 2.65500531
254 2.65565531
254 1.98895398
254 1.98560397
254 1.98885398
254 1.98610397
254 2.65740531
254 2.66035532
254 2.63775528
254 2.63975528
254 2.65605531
254 2.65580531
254 2.65685531
254 2.64290529
254 2.56815514
254 2.56750514
254 2.56730513
254 2.57355515
254 2.63980528
254 2.63985528
254 2.64005528
254 2.64805530
254 2.25610451
254 2.26880454
254 2.25585451
254 2.25610451
254 2.64020528
254 2.63750528
254 2.63860528
254 2.63840528
254 2.62725525
254 2.62635525
254 2.62805526
254 2.62645525
254 1.96245392
254 1.96340393
254 1.96340393
254 1.96340393
254 2.64680529
254 2.65600531
254 2.64845530
254 2.65270531
254 0.98210196
254 1.19655239
254 0.98095196
254 0.98005196
254 0.97815196
254 0.97735195
254 0.97725195
254 0.97730195
254 2.62640525
254 2.63145526
254 2.62790526
254 2.62700525
254 2.03820408
254 2.04705409
254 2.04415409
254 2.04420409
254 2.63795528
254 2.63800528
254 2.64335529
254 2.63825528
254 2.65680531
254 2.65515531
254 2.65655531
254 2.64780530
254 2.40375481
254 2.40305481
254 2.40370481
254 2.40690481
254 2.64220528
254 2.63985528
254 2.63985528
254 2.64150528
254 2.17290435
254 2.17290435
254 2.17295435
254 2.17435435
254 2.63855528
254 2.63740527
254 2.63805528
254 2.64635529
