646 7.18022448
646 7.17442434
646 7.17222429
646 7.17217428
646 4.32910520
646 4.30565463
646 4.30375458
646 4.30310457
646 4.02859789
646 4.02849789
646 4.01634760
646 4.01664760
646 5.35978024
646 5.36228030
646 5.37773068
646 5.37698066
646 4.55241062
646 4.55216062
646 4.55286063
646 4.55676073
646 3.83594321
646 3.83159311
646 3.83159311
646 3.83174311
646 4.62121230
646 4.62526239
646 4.61671219
646 4.61661218
646 4.26015352
646 4.26000352
646 4.26605367
646 4.26030353
646 3.96559636
646 3.96514635
646 3.96549636
646 3.97009647
646 4.62481238
646 4.62386236
646 4.62346235
646 4.62456238
646 4.52490996
646 4.52305991
646 4.52615999
646 4.52130987
646 4.37825639
646 4.38595658
646 4.38350652
646 4.38000643
646 4.31855494
646 4.32110500
646 4.33315530
646 4.33960545
646 4.12835032
646 4.12615027
646 4.12680028
646 4.12685028
646 5.03137226
646 5.03012223
646 5.02472210
646 5.02397208
646 4.05939864
646 4.06259872
646 4.05724859
646 4.05604856
646 3.77679178
646 3.77759180
646 3.77714178
646 3.78649201
646 3.95164602
646 3.94994598
646 3.95674615
646 3.95124602
646 4.34125549
646 4.33145525
646 4.33350530
646 4.33280529
646 4.43740783
646 4.43875786
646 4.44680806
646 4.43990789
646 3.98574685
646 4.18370166
646 3.99149699
646 3.98769690
646 4.01754763
646 4.01769763
646 4.01974768
646 4.01704761
646 4.41285723
646 4.40980716
646 4.40825712
646 4.40895714
646 3.93749568
646 3.96724640
646 3.95754617
646 3.95164602
646 4.00154724
646 4.00199725
646 4.00079722
646 4.00039721
646 3.87764423
646 3.87044405
646 3.87124407
646 3.86964403
646 4.45415824
646 4.45605828
646 4.44915811
646 4.44910811
646 4.53901030
646 4.53986032
646 4.54746050
646 4.53891030
646 4.06069867
646 4.06054867
646 4.06169870
646 4.06559879
646 7.28632706
646 7.28332698
646 7.29047716
646 7.29022715
