850 7.09937424
850 7.09707420
850 7.08062391
850 7.07587383
850 7.19472591
850 7.21457626
850 7.21897633
850 7.22407642
850 4.25282442
850 4.25867453
850 4.26107457
850 4.25057439
850 7.54323201
850 7.51928159
850 7.52348166
850 7.52778174
850 7.41292973
850 7.42172988
850 7.42067986
850 7.41142970
850 4.27247477
850 4.27657484
850 4.26827469
850 4.27612483
850 7.17537557
850 7.17457556
850 7.17482556
850 7.19927599
850 4.98053716
850 4.98733728
850 4.98133717
850 4.99133735
850 7.51848157
850 7.52243164
850 7.52398167
850 7.53148180
850 7.69603468
850 7.68208444
850 7.67583433
850 7.67573433
850 7.46233059
850 7.45538047
850 7.44378027
850 7.45158040
850 4.72253264
850 4.71158245
850 4.72118262
850 4.71098244
850 5.43969519
850 5.43459511
850 5.44199523
850 5.45704550
850 6.20825864
850 6.21345874
850 6.19115835
850 6.17170800
850 7.37997915
850 7.38002915
850 7.39147935
850 7.41252972
850 4.56312985
850 4.56682992
850 4.56382987
850 4.55597973
850 5.83865218
850 5.85495246
850 5.85495246
850 5.85790251
850 7.35252867
850 7.34487854
850 7.35747876
850 7.35172866
850 4.62643096
850 4.62593095
850 4.61538077
850 4.62478093
850 7.47503081
850 7.48533099
850 7.50793139
850 7.49573118
850 6.74631806
850 7.00987267
850 6.79761896
850 6.79311888
850 7.18912581
850 7.19502591
850 7.19182586
850 7.18972582
850 7.40027950
850 7.39617943
850 7.40022950
850 7.39557942
850 7.57403255
850 7.56993247
850 7.56988247
850 7.57603258
850 7.19692595
850 7.19717595
850 7.20497609
850 7.20137602
850 4.59048033
850 4.58973032
850 4.60078051
850 4.58958032
850 4.73088279
850 4.73133280
850 4.73203281
850 4.73833292
850 4.86528514
850 4.86258510
850 4.86093507
850 4.86063506
850 7.15022513
850 7.14507504
850 7.14337501
850 7.14907511
850 6.22105887
850 6.21350874
850 6.21325873
850 6.21810882
