514 2.29647985
514 2.29687986
514 2.29547984
514 2.30082991
514 2.31408008
514 2.31488009
514 2.31408008
514 2.31513010
514 2.90198773
514 2.85313709
514 2.81503660
514 2.81943665
514 1.68182186
514 1.68167186
514 1.68327188
514 1.68087185
514 2.33233032
514 2.33413034
514 2.33248032
514 2.33303033
514 1.43031859
514 1.42891858
514 1.43406864
514 1.42881857
514 2.41888145
514 2.41798143
514 2.41848144
514 2.41943145
514 2.86218721
514 2.85913717
514 2.86153720
514 2.86708727
514 2.84283696
514 2.82978679
514 2.83068680
514 2.82893678
514 2.00877611
514 2.01052614
514 2.00862611
514 2.01012613
514 1.87017431
514 1.86742428
514 1.86742428
514 1.86712427
514 2.63623427
514 2.63673428
514 2.64098433
514 2.63778429
514 1.10341434
514 1.10256433
514 1.10326434
514 1.10711439
514 1.10316434
514 1.10386435
514 1.10226433
514 1.10526437
514 1.10206433
514 1.10021430
514 1.09941429
514 1.10016430
514 2.05147667
514 2.05217668
514 2.05132667
514 2.05212668
514 1.83007379
514 1.82237369
514 1.82332370
514 1.82222369
514 2.38763104
514 2.38733104
514 2.38773104
514 2.39143109
514 1.85852416
514 1.86002418
514 1.85997418
514 1.86652426
514 2.86098719
514 2.86203721
514 2.86253721
514 2.86113719
514 2.03677648
514 2.09552724
514 2.04687661
514 2.04832663
514 1.09436423
514 1.09436423
514 1.09416422
514 1.09561424
514 2.20022860
514 2.26432944
514 2.16687817
514 2.16757818
514 1.09986430
514 1.09941429
514 1.09936429
514 1.09936429
514 2.54593310
514 2.54718311
514 2.54613310
514 2.56413333
514 2.84958704
514 2.85023705
514 2.84993705
514 2.84948704
514 2.67353476
514 2.67303475
514 2.67443477
514 2.67963484
514 1.09986430
514 1.10101431
514 1.09946429
514 1.10176432
514 2.35843066
514 2.35738065
514 2.35833066
514 2.35988068
514 1.52656985
514 1.52641984
514 1.53191991
514 1.52666985
