542 3.33373334
542 3.33488335
542 3.33988340
542 3.33373334
542 3.18818188
542 3.18288183
542 3.18288183
542 3.18388184
542 2.46357464
542 2.45912459
542 2.45977460
542 2.45837458
542 3.13343133
542 3.13128131
542 3.13298133
542 3.13223132
542 1.77761778
542 1.77791778
542 1.77821778
542 1.77931779
542 2.55622556
542 2.55777558
542 2.55597556
542 2.55672557
542 1.81001810
542 1.81131811
542 1.80981810
542 1.81491815
542 3.42093421
542 3.42198422
542 3.42938429
542 3.42853429
542 3.50308503
542 3.49948499
542 3.49853499
542 3.48858489
542 1.77456775
542 1.78041780
542 1.77441774
542 1.77546775
542 3.20343203
542 3.20233202
542 3.20638206
542 3.20393204
542 3.22053221
542 3.22513225
542 3.22028220
542 3.22123221
542 2.78067781
542 2.78227782
542 2.78302783
542 2.78387784
542 3.12733127
542 3.11963120
542 3.11883119
542 3.12383124
542 2.36062361
542 2.35217352
542 2.34247342
542 2.34317343
542 2.99402994
542 2.99217992
542 2.99267993
542 2.99322993
542 3.37043370
542 3.36973370
542 3.37138371
542 3.36893369
542 2.03837038
542 2.03912039
542 2.03937039
542 2.03962040
542 2.53347533
542 2.54502545
542 2.53472535
542 2.53522535
542 2.93337933
542 2.92897929
542 2.92797928
542 2.93017930
542 1.77806778
542 1.99666997
542 1.78241782
542 1.77756778
542 2.86537865
542 2.86192862
542 2.86432864
542 2.86427864
542 2.75872759
542 2.77032770
542 2.77097771
542 2.78632786
542 2.87037870
542 2.86142861
542 2.86027860
542 2.86202862
542 1.76046760
542 1.76056761
542 1.76111761
542 1.76486765
542 3.39698397
542 3.39913399
542 3.39918399
542 3.39873399
542 1.84671847
542 1.84926849
542 1.84601846
542 1.84661847
542 2.14037140
542 2.13947139
542 2.14022140
542 2.13777138
542 3.37418374
542 3.37653377
542 3.37468375
542 3.37728377
542 1.91971920
542 1.91966920
542 1.92131921
542 1.91976920
