814 6.85360685
814 6.83670684
814 6.82925683
814 6.82875683
814 4.50150450
814 4.48420448
814 4.49310449
814 4.48235448
814 6.90955691
814 6.92525693
814 6.91785692
814 6.91020691
814 7.15625716
814 7.16165716
814 7.16860717
814 7.15475715
814 7.29840730
814 7.26705727
814 7.30735731
814 7.31670732
814 4.44350444
814 4.43500444
814 4.43195443
814 4.41550442
814 6.99170699
814 6.97805698
814 6.98125698
814 6.97730698
814 5.07830508
814 5.06820507
814 5.06895507
814 5.06765507
814 7.50905751
814 7.48625749
814 7.47740748
814 7.48320748
814 4.52160452
814 4.52860453
814 4.53105453
814 4.53600454
814 6.94465694
814 6.93710694
814 6.93825694
814 6.93440693
814 6.74100674
814 6.72990673
814 6.73215673
814 6.73395673
814 4.40510441
814 4.40570441
814 4.40730441
814 4.40955441
814 4.38550439
814 4.40445440
814 4.39805440
814 4.38635439
814 7.49030749
814 7.47880748
814 7.46910747
814 7.48190748
814 4.34310434
814 4.32935433
814 4.32805433
814 4.32750433
814 7.17945718
814 7.16160716
814 7.16115716
814 7.16095716
814 4.66505467
814 4.66255466
814 4.67860468
814 4.67375467
814 4.28590429
814 4.28015428
814 4.29250429
814 4.28305428
814 7.41105741
814 7.41790742
814 7.41200741
814 7.42100742
814 7.43835744
814 7.66295766
814 7.54740755
814 7.52315752
814 6.39835640
814 6.39740640
814 6.39335639
814 6.39310639
814 7.63365763
814 7.63435763
814 7.62920763
814 7.63635764
814 5.10490510
814 5.10460510
814 5.10515511
814 5.10970511
814 4.69545470
814 4.70735471
814 4.69710470
814 4.69455469
814 7.36270736
814 7.36270736
814 7.35490735
814 7.35895736
814 7.06225706
814 7.05515706
814 7.05395705
814 7.06325706
814 6.14275614
814 6.14400614
814 6.15145615
814 6.14400614
814 4.35260435
814 4.35220435
814 4.34735435
814 4.35725436
814 5.30855531
814 5.30825531
814 5.30840531
814 5.30750531
