586 6.16517515
586 6.16032505
586 6.15742500
586 6.15937504
586 3.95933037
586 3.95528029
586 3.95603031
586 3.96213043
586 4.03643194
586 4.03558192
586 4.04113203
586 4.03633194
586 3.89717911
586 3.89642910
586 3.89777912
586 3.89582909
586 4.42718987
586 4.42283978
586 4.44874031
586 4.44454022
586 4.11123346
586 4.11603356
586 4.11423352
586 4.11108345
586 4.03143184
586 4.02433169
586 4.01853158
586 4.02273166
586 3.71712546
586 3.72092553
586 3.71747546
586 3.71687545
586 3.93282984
586 3.93687992
586 3.93667991
586 3.93272983
586 3.77037654
586 3.76787649
586 3.76772648
586 3.77282659
586 4.60494348
586 4.61169362
586 4.60584350
586 4.60454347
586 4.51454165
586 4.50639148
586 4.50354142
586 4.49909133
586 3.74927611
586 3.75372620
586 3.75072614
586 3.75067614
586 3.67782466
586 3.67562462
586 3.67527461
586 3.67907469
586 3.85977835
586 3.85772831
586 3.85842833
586 3.85797832
586 4.42618985
586 4.43098995
586 4.42598985
586 4.42958992
586 3.63807385
586 3.63527380
586 3.63632382
586 3.63982389
586 3.53917185
586 3.53932185
586 3.53992186
586 3.53982186
586 4.31453759
586 4.31928768
586 4.31643762
586 4.31653763
586 3.72057553
586 3.72082553
586 3.71972551
586 3.73527583
586 4.47459083
586 4.52549187
586 4.47554085
586 4.47474084
586 4.76449672
586 4.76459672
586 4.76334670
586 4.74969642
586 4.00378128
586 3.99308106
586 3.99543111
586 3.99308106
586 4.12868381
586 4.12478373
586 4.12373371
586 4.11258349
586 4.57629290
586 4.57784293
586 4.57669291
586 4.58309304
586 4.34073812
586 4.34078812
586 4.35153834
586 4.34658824
586 3.85497826
586 3.85722830
586 3.86277841
586 3.85202820
586 4.59104320
586 4.59199322
586 4.60264343
586 4.59159321
586 4.72074583
586 4.72234586
586 4.72219586
586 4.72729596
586 5.90916996
586 5.90676991
586 5.90936996
586 5.92382025
