842 5.05405621
842 5.05205612
842 5.05210613
842 5.06190653
842 4.85079791
842 4.85094792
842 4.85394804
842 4.85884824
842 5.86278920
842 5.86243919
842 5.84203836
842 5.84708856
842 4.32282637
842 4.32897662
842 4.32297638
842 4.32712655
842 7.28639729
842 7.28969742
842 7.28029704
842 7.25239590
842 6.95313369
842 6.95163363
842 6.95363371
842 6.95443374
842 6.91763224
842 6.91968232
842 6.92113238
842 6.89273122
842 4.35342762
842 4.35302760
842 4.35732778
842 4.35777780
842 4.97955317
842 4.97945316
842 4.97870313
842 4.97765309
842 7.02058644
842 7.01618626
842 7.02463661
842 7.02188649
842 7.39725181
842 7.39895188
842 7.40255202
842 7.39865186
842 6.58546869
842 6.58946885
842 6.59111892
842 6.58451865
842 5.70873292
842 5.70778288
842 5.71783329
842 5.70783288
842 5.53892599
842 5.54467622
842 5.54977643
842 5.54087607
842 7.52610707
842 7.62086093
842 7.61601073
842 7.41345247
842 7.61761080
842 7.60701037
842 7.60571031
842 7.60471027
842 7.12214058
842 7.11669036
842 7.12229059
842 7.12229059
842 7.24049541
842 7.23904535
842 7.24244549
842 7.21309429
842 7.66471272
842 7.67266304
842 7.66436271
842 7.66426270
842 7.12974089
842 7.13294102
842 7.13054093
842 7.13149096
842 7.23044500
842 7.54575787
842 7.16719242
842 7.16529234
842 7.29079746
842 7.28884738
842 7.27099666
842 7.26524642
842 7.23699527
842 7.22259468
842 7.21699445
842 7.21969456
842 7.52645708
842 7.53420740
842 7.52205690
842 7.52655708
842 7.35370003
842 7.35950027
842 7.35249998
842 7.35775020
842 6.97348452
842 6.97418455
842 6.98268489
842 6.97448456
842 7.22249468
842 7.22839492
842 7.22964497
842 7.22089461
842 7.28014703
842 7.27804694
842 7.27679689
842 7.27474681
842 4.34487727
842 4.34527729
842 4.34207716
842 4.33987707
842 6.86032990
842 6.86528010
842 6.85852983
842 6.85997989
