886 4.79777724
886 4.79837725
886 4.80087729
886 4.79847726
886 4.83472784
886 4.83957792
886 4.83552785
886 4.83962792
886 7.33061802
886 7.32316790
886 7.32451792
886 7.32181788
886 7.21796621
886 7.22196627
886 7.21926623
886 7.22111626
886 7.24111658
886 7.23306645
886 7.22096626
886 7.22091626
886 7.62717280
886 7.62677279
886 7.62587278
886 7.66647343
886 7.44906993
886 7.46467018
886 7.47092028
886 7.45271999
886 7.03221322
886 7.04171337
886 7.03266323
886 7.02761314
886 7.06901381
886 7.10976447
886 7.06616377
886 7.05916365
886 4.78472703
886 4.79147714
886 4.78967711
886 4.78472703
886 6.88401083
886 6.89001093
886 6.86946060
886 6.83180999
886 6.77765912
886 6.78080917
886 6.77280904
886 6.77980915
886 5.92359537
886 5.93264552
886 5.91869529
886 5.91929530
886 7.52092109
886 7.51282096
886 7.50642085
886 7.49067060
886 5.92929546
886 5.92074532
886 5.93649558
886 5.92474539
886 4.96267990
886 4.96407992
886 4.94352959
886 4.97723013
886 7.26546697
886 7.25366678
886 7.24271661
886 7.25256677
886 7.19086577
886 7.19311581
886 7.19876590
886 7.19981592
886 5.93179550
886 5.93134549
886 5.93639558
886 5.93104549
886 5.13428266
886 5.13138262
886 5.13403266
886 5.13243263
886 4.37852049
886 4.56122344
886 4.39632078
886 4.39482076
886 7.14991511
886 7.14291500
886 7.14371501
886 7.14196499
886 6.85346034
886 6.84066013
886 6.83966012
886 6.85051029
886 7.03571327
886 7.03701330
886 7.03676329
886 7.04696346
886 7.02621312
886 7.04256339
886 7.03236322
886 7.02601312
886 7.31176772
886 7.32531794
886 7.33981817
886 7.33361807
886 6.92566150
886 6.91956140
886 6.92486149
886 6.91906140
886 6.81240968
886 6.81260968
886 6.80635958
886 6.80915963
886 5.42853740
886 5.43148745
886 5.42893741
886 5.42823739
886 5.72084211
886 5.71394199
886 5.71569202
886 5.71279198
