802 4.47181761
802 4.47176761
802 4.47981782
802 4.47386766
802 7.14078780
802 7.15438816
802 7.14593794
802 7.14298786
802 4.32896385
802 4.32926386
802 4.34081416
802 4.33756408
802 7.39149440
802 7.39249442
802 7.39799457
802 7.39239442
802 5.57309657
802 5.58489688
802 5.58314684
802 5.55899620
802 7.49209704
802 7.49539713
802 7.50589741
802 7.49129702
802 7.30844221
802 7.30134203
802 7.29484185
802 7.30819221
802 4.62392161
802 4.62422162
802 4.62447162
802 4.62952176
802 7.22228995
802 7.20063938
802 7.19723929
802 7.20063938
802 4.56026994
802 4.57122022
802 4.56837015
802 4.56727012
802 6.90133151
802 6.89823142
802 6.89183126
802 6.93118229
802 4.33991414
802 4.32881385
802 4.36001467
802 4.33706406
802 7.21648979
802 7.21488975
802 7.20678954
802 7.20743956
802 4.37471506
802 4.37906517
802 4.37226499
802 4.36536481
802 4.42311633
802 4.43711670
802 4.42291632
802 4.41976624
802 7.10128676
802 7.07928619
802 7.06723587
802 7.05143545
802 4.29506296
802 4.30276316
802 4.30901333
802 4.31796356
802 4.29091285
802 4.29721302
802 4.31001335
802 4.31861358
802 6.66902540
802 6.66272523
802 6.66827538
802 6.67222548
802 6.88748114
802 6.87938093
802 6.88953119
802 6.88678112
802 4.28016257
802 4.46266737
802 4.29161287
802 4.29196288
802 7.13473764
802 7.13933776
802 7.13938777
802 7.13548766
802 7.20428947
802 7.19538924
802 7.19543924
802 7.20243942
802 7.47189651
802 7.47739666
802 7.47409657
802 7.47464658
802 7.55554871
802 7.55659874
802 7.55994883
802 7.55994883
802 7.20058938
802 7.20543950
802 7.19883933
802 7.20053937
802 4.20416057
802 4.18536007
802 4.18711012
802 4.18966019
802 4.32771382
802 4.32876385
802 4.33096390
802 4.32851384
802 7.53509817
802 7.53784825
802 7.54294838
802 7.54394841
802 5.24063783
802 5.24638798
802 5.24323790
802 5.24093784
