422 1.64176264
422 1.64636268
422 1.64326265
422 1.64201264
422 2.34296804
422 2.34416805
422 2.34311804
422 2.34421805
422 1.08815838
422 1.08785838
422 1.08800838
422 1.08970839
422 1.31586013
422 1.31736014
422 1.31551013
422 1.31706014
422 1.58806223
422 1.58766222
422 1.58876223
422 1.58766222
422 1.08945839
422 1.08960839
422 1.08935839
422 1.08800838
422 2.84352190
422 2.84522191
422 2.85212196
422 2.84497191
422 1.22350942
422 1.22185941
422 1.22305942
422 1.22185941
422 2.35281812
422 2.35331812
422 2.35286812
422 2.36016817
422 2.51706938
422 2.51196934
422 2.51051933
422 2.50981933
422 1.59676230
422 1.59671229
422 1.59816231
422 1.59666229
422 2.51521937
422 2.51596937
422 2.51961940
422 2.51656938
422 2.83167180
422 2.83192181
422 2.83167180
422 2.83232181
422 2.85262197
422 2.86262204
422 2.85812201
422 2.85377197
422 2.84222189
422 2.84252189
422 2.84267189
422 2.84272189
422 1.30886008
422 1.30896008
422 1.30981009
422 1.30891008
422 1.76136356
422 1.75901354
422 1.75891354
422 1.75936355
422 1.13215872
422 1.13140871
422 1.13070871
422 1.13140871
422 2.84222189
422 2.84242189
422 2.84747193
422 2.85157196
422 1.83166410
422 1.83106410
422 1.83096410
422 1.83151410
422 2.84272189
422 2.91617245
422 2.84367190
422 2.84347189
422 2.81892171
422 2.81962171
422 2.81942171
422 2.82072172
422 2.59912001
422 2.60197004
422 2.59927001
422 2.60057002
422 1.08930839
422 1.08775838
422 1.08845838
422 1.08845838
422 1.46591129
422 1.46456128
422 1.46701130
422 1.46396127
422 1.86711438
422 1.86691438
422 1.86691438
422 1.86656437
422 2.83467183
422 2.83392182
422 2.83372182
422 2.83457183
422 2.72967102
422 2.72512098
422 2.72222096
422 2.71757093
422 2.66427051
422 2.66252050
422 2.66272050
422 2.66477052
422 2.82647176
422 2.81877170
422 2.81867170
422 2.81882170
