702 7.09665710
702 7.09210709
702 7.09395709
702 7.12030712
702 4.47550448
702 4.46965447
702 4.46995447
702 4.46830447
702 4.16630417
702 4.17400417
702 4.16600417
702 4.16530417
702 4.09690410
702 4.10070410
702 4.08190408
702 4.08815409
702 4.07345407
702 4.07775408
702 4.07505408
702 4.06705407
702 4.15885416
702 4.14575415
702 4.14655415
702 4.14590415
702 4.37405437
702 4.36900437
702 4.37505438
702 4.36810437
702 4.29550430
702 4.29585430
702 4.29525430
702 4.30215430
702 7.11165711
702 7.11355711
702 7.11445711
702 7.09600710
702 3.92235392
702 3.92960393
702 3.91985392
702 3.92045392
702 4.32160432
702 4.31350431
702 4.31345431
702 4.32225432
702 7.24825725
702 7.24125724
702 7.24075724
702 7.24065724
702 4.57630458
702 4.57225457
702 4.57180457
702 4.57180457
702 4.41135441
702 4.41525442
702 4.41125441
702 4.41195441
702 4.23075423
702 4.23250423
702 4.23700424
702 4.23135423
702 7.15625716
702 7.16040716
702 7.16250716
702 7.15605716
702 5.27285527
702 5.27425527
702 5.28025528
702 5.27305527
702 4.46865447
702 4.47240447
702 4.46835447
702 4.47475447
702 4.76355476
702 4.76450476
702 4.76275476
702 4.76355476
702 4.53705454
702 4.53010453
702 4.52970453
702 4.52990453
702 3.99055399
702 4.27135427
702 3.98580399
702 3.98300398
702 4.30930431
702 4.31075431
702 4.30930431
702 4.30850431
702 5.58255558
702 5.56645557
702 5.56805557
702 5.56460556
702 4.52110452
702 4.52030452
702 4.52640453
702 4.51995452
702 4.21355421
702 4.21535422
702 4.22295422
702 4.21175421
702 4.25720426
702 4.25445425
702 4.27105427
702 4.25740426
702 4.25170425
702 4.27565428
702 4.25080425
702 4.25430425
702 7.44590745
702 7.44440744
702 7.43930744
702 7.43995744
702 4.33305433
702 4.33915434
702 4.33325433
702 4.33450433
702 4.22410422
702 4.22780423
702 4.22775423
702 4.22760423
