394 2.82797347
394 2.82712347
394 2.82722347
394 2.82697346
394 2.25371871
394 2.25516872
394 2.25726874
394 2.25756874
394 1.63571358
394 1.63486357
394 1.63556358
394 1.63501357
394 2.81752339
394 2.82277343
394 2.81602337
394 2.81652338
394 2.10271745
394 2.09881742
394 2.09596740
394 2.09731741
394 1.07595893
394 1.07530893
394 1.07495892
394 1.07505892
394 2.42037009
394 2.42027009
394 2.42107009
394 2.43097018
394 1.08030897
394 1.08230898
394 1.08080897
394 1.08000896
394 1.80461498
394 1.80591499
394 1.80596499
394 1.80501498
394 2.80372327
394 2.80387327
394 2.80532328
394 2.80867331
394 1.07965896
394 1.08015897
394 1.07935896
394 1.07940896
394 2.06796716
394 2.06716716
394 2.06781716
394 2.06781716
394 1.63641358
394 1.64126362
394 1.63701359
394 1.64241363
394 1.08180898
394 1.08025897
394 1.08100897
394 1.08025897
394 2.59367153
394 2.59207151
394 2.59427153
394 2.59202151
394 2.82717347
394 2.83167350
394 2.82882348
394 2.82797347
394 2.80182326
394 2.80212326
394 2.80197326
394 2.80372327
394 2.82317343
394 2.82442344
394 2.82052341
394 2.81897340
394 1.08545901
394 1.08460900
394 1.08465900
394 1.08460900
394 2.48627064
394 2.48527063
394 2.47557055
394 2.47782057
394 2.82157342
394 2.94142441
394 2.81667338
394 2.81667338
394 2.80612329
394 2.80527328
394 2.80437328
394 2.80532328
394 2.81907340
394 2.81922340
394 2.81947340
394 2.81942340
394 1.65441373
394 1.65321372
394 1.65511374
394 1.65611375
394 1.08465900
394 1.09920912
394 1.09750911
394 1.08480900
394 2.48472062
394 2.48482062
394 2.48562063
394 2.48692064
394 2.71907257
394 2.71752256
394 2.71922257
394 2.72022258
394 1.22851020
394 1.22781019
394 1.22796019
394 1.22776019
394 2.81882340
394 2.82182342
394 2.81697338
394 2.82292343
394 1.07530893
394 1.08760903
394 1.07490892
394 1.07645893
