882 4.88405873
882 4.87225835
882 4.89195899
882 4.86950826
882 7.25033564
882 7.14543223
882 7.14873233
882 7.14468220
882 6.96982652
882 6.97137657
882 6.96937650
882 6.97107656
882 4.68275219
882 4.68345221
882 4.68450225
882 4.68400223
882 7.34563873
882 7.34703878
882 7.34528872
882 7.35533905
882 6.95372600
882 6.93762547
882 6.93932553
882 6.93547540
882 4.64850108
882 4.64455095
882 4.64410093
882 4.64935110
882 5.63538315
882 5.63083300
882 5.63003298
882 5.63378310
882 4.97556171
882 4.97991185
882 4.97601172
882 4.97621173
882 4.54459770
882 4.54459770
882 4.54209762
882 4.54364767
882 7.33613842
882 7.33698845
882 7.33088825
882 7.33518839
882 5.47302787
882 5.47062780
882 5.47212784
882 5.47122781
882 4.61384995
882 4.61234990
882 4.62135019
882 4.61339994
882 7.21583451
882 7.21358444
882 7.21248441
882 7.21258441
882 4.76875498
882 4.76735494
882 4.76955501
882 4.76615490
882 7.13873201
882 7.13658194
882 7.14028206
882 7.13693195
882 7.33738847
882 7.34953886
882 7.34218862
882 7.34663877
882 4.51794683
882 4.51859685
882 4.50254633
882 4.50164630
882 7.41394095
882 7.41864111
882 7.41274091
882 7.41819109
882 7.38749009
882 7.38909015
882 7.39304027
882 7.39194024
882 6.92422504
882 7.14928235
882 7.01362794
882 7.00867778
882 4.43479413
882 4.43354409
882 4.43669419
882 4.43884426
882 6.95747612
882 6.95742612
882 6.96137624
882 6.96207627
882 7.14558223
882 7.14643226
882 7.14958236
882 7.14473220
882 4.75095441
882 4.75350449
882 4.76000470
882 4.75925468
882 5.97774428
882 5.97859430
882 5.98849463
882 5.97694425
882 7.37118956
882 7.37298962
882 7.38043986
882 7.37348964
882 7.50859403
882 7.51224415
882 7.50794401
882 7.50589394
882 7.44174186
882 7.48994342
882 7.48424324
882 7.48949341
882 4.76755495
882 4.76830497
882 4.76660491
882 4.76750494
