418 1.63068033
418 1.63148035
418 1.62983031
418 1.63138034
418 2.74135099
418 2.74710110
418 2.74200100
418 2.74215100
418 2.05508822
418 2.05353820
418 2.05353820
418 2.05343819
418 2.44589549
418 2.45004557
418 2.44639550
418 2.45104559
418 2.83615275
418 2.83710277
418 2.83950281
418 2.83825279
418 2.83470273
418 2.83405271
418 2.83550274
418 2.83675276
418 2.81350233
418 2.81345233
418 2.81315232
418 2.81345233
418 1.78603322
418 1.78693324
418 1.78953329
418 1.78748325
418 2.83770278
418 2.83670276
418 2.83615275
418 2.83610275
418 1.08722022
418 1.08547019
418 1.08617020
418 1.08457017
418 1.71803196
418 1.71748195
418 1.71793195
418 1.71993199
418 2.22434137
418 2.22829145
418 2.22519139
418 2.22414137
418 2.42539511
418 2.42574512
418 2.42594512
418 2.41894499
418 2.81260231
418 2.80615219
418 2.80665220
418 2.80775222
418 2.82845261
418 2.82650257
418 2.82635257
418 2.82615257
418 2.51439677
418 2.50224654
418 2.50294655
418 2.50219654
418 1.90623546
418 1.90488543
418 1.90643546
418 1.90563544
418 2.67659978
418 2.67644978
418 2.67249971
418 2.67184970
418 1.08682021
418 1.08562019
418 1.08557019
418 1.08552019
418 1.72073201
418 1.72053200
418 1.71913198
418 1.71898197
418 1.08132011
418 1.34837508
418 1.08257014
418 1.08482018
418 1.36257534
418 1.38547577
418 1.35392518
418 1.35392518
418 1.56667914
418 1.56552912
418 1.56542912
418 1.56652914
418 1.82163388
418 1.81843382
418 1.81633378
418 1.81783381
418 1.08927026
418 1.09017028
418 1.08997027
418 1.08992027
418 2.62639885
418 2.62679886
418 2.62604884
418 2.64009911
418 1.62723027
418 1.62573024
418 1.62658025
418 1.62838029
418 1.08257014
418 1.08182012
418 1.08712022
418 1.08177012
418 1.08557019
418 1.08552019
418 1.08557019
418 1.08617020
418 2.55344749
418 2.55339749
418 2.55409751
418 2.55484752
