894 6.23360161
894 6.22490147
894 6.22890153
894 6.23470163
894 7.50172228
894 7.50682236
894 7.50472233
894 7.50357231
894 4.59252486
894 4.60567507
894 4.60557507
894 4.60222502
894 6.20275110
894 6.21635133
894 6.19605100
894 6.17140059
894 7.30646910
894 7.31631926
894 7.32196935
894 7.32811945
894 5.90499625
894 5.90489625
894 5.87789581
894 5.88814598
894 6.85531174
894 6.85221169
894 6.85486173
894 6.83141135
894 7.02236446
894 7.03901474
894 7.02016443
894 7.01976442
894 5.01598176
894 5.02123185
894 5.00578159
894 5.00878164
894 7.27716862
894 7.27191853
894 7.27026851
894 7.28196870
894 7.41552087
894 7.41732090
894 7.42042095
894 7.42012095
894 6.61490782
894 6.62125793
894 6.63360813
894 6.61470782
894 5.48088934
894 5.48768945
894 5.48388939
894 5.47378922
894 4.48532311
894 4.48442310
894 4.48942318
894 4.48432309
894 7.20096738
894 7.20146738
894 7.20551745
894 7.20496744
894 7.02941458
894 7.03516467
894 7.02861457
894 7.03521467
894 7.13621632
894 7.13861636
894 7.13241626
894 7.13021622
894 4.51727363
894 4.51347357
894 4.51267356
894 4.51417358
894 6.52875642
894 6.52935643
894 6.53520652
894 6.51965627
894 4.42247209
894 4.41772201
894 4.41617198
894 4.41657199
894 7.39002046
894 7.43122113
894 7.44557136
894 7.57182342
894 7.22401775
894 7.22366775
894 7.23366791
894 7.22386775
894 7.19966735
894 7.20636746
894 7.20011736
894 7.19721731
894 7.13016622
894 7.12841619
894 7.12311611
894 7.12646616
894 5.85264540
894 5.86559561
894 5.85964551
894 5.85999552
894 7.23721797
894 7.23286790
894 7.23291790
894 7.23521793
894 4.95303073
894 4.95043069
894 4.95138071
894 4.95583078
894 7.07476532
894 7.06941523
894 7.07171527
894 7.07386530
894 7.65272474
894 7.64482461
894 7.65577479
894 7.64372459
894 6.81671111
894 6.80341090
894 6.79206071
894 6.79061069
