238 2.61751911
238 2.61526909
238 2.67766955
238 2.68026957
238 2.62436916
238 2.68876963
238 2.63096921
238 2.62421916
238 2.61251907
238 2.60231900
238 2.60206900
238 2.60281900
238 1.66856218
238 1.66941219
238 1.67096220
238 1.66941219
238 1.76551289
238 1.76486288
238 1.76511289
238 1.76606289
238 2.61551909
238 2.61321908
238 2.61701910
238 2.61716911
238 2.18826597
238 2.18901598
238 2.18841598
238 2.18816597
238 2.61586910
238 2.61561909
238 2.61571909
238 2.61786911
238 2.21371616
238 2.21416616
238 2.21511617
238 2.21906620
238 2.62506916
238 2.62431916
238 2.62271915
238 2.62361915
238 1.72136257
238 1.71946255
238 1.71726254
238 1.71941255
238 2.63261922
238 2.63251922
238 2.62616917
238 2.62296915
238 0.97175709
238 0.97175709
238 0.97105709
238 0.97175709
238 2.60761904
238 2.60256900
238 2.60216900
238 2.60821904
238 1.85306353
238 1.85991358
238 1.85501354
238 1.85291353
238 2.62426916
238 2.62781918
238 2.62421916
238 2.62356915
238 1.46711071
238 1.46626070
238 1.46671071
238 1.46551070
238 1.86916364
238 1.86936365
238 1.86926365
238 1.86901364
238 2.22596625
238 2.21556617
238 2.21671618
238 2.21906620
238 2.62096913
238 2.62231914
238 2.61921912
238 2.62076913
238 2.02176476
238 2.05396499
238 2.02166476
238 2.03121483
238 2.60231900
238 2.60396901
238 2.60801904
238 2.60296900
238 2.63191921
238 2.62691918
238 2.62411916
238 2.62571917
238 2.63931927
238 2.61391908
238 2.62936919
238 2.61781911
238 2.63091921
238 2.62511916
238 2.62281915
238 2.62486916
238 2.60256900
238 2.60221900
238 2.61971912
238 2.60361901
238 2.61426908
238 2.62736918
238 2.63291922
238 2.61386908
238 2.61771911
238 2.61621910
238 2.61626910
238 2.62236914
238 2.57756882
238 2.57841882
238 2.57586880
238 2.57661881
238 2.61331908
238 2.60236900
238 2.60226900
238 2.60856904
