222 2.59785260
222 2.59955260
222 2.60060260
222 2.59770260
222 1.13820114
222 1.13825114
222 1.13760114
222 1.13905114
222 2.58420258
222 2.58585259
222 2.58410258
222 2.58490258
222 2.15295215
222 2.15160215
222 2.14820215
222 2.14825215
222 1.94155194
222 1.93515194
222 1.93510194
222 1.93730194
222 2.59835260
222 2.59765260
222 2.60045260
222 2.60055260
222 2.58420258
222 2.58520259
222 2.58400258
222 2.58410258
222 2.60740261
222 2.60745261
222 2.60720261
222 2.61095261
222 0.96480096
222 0.96400096
222 0.96425096
222 0.96540097
222 2.45520246
222 2.44975245
222 2.45060245
222 2.44985245
222 2.62140262
222 2.70895271
222 2.69730270
222 2.62795263
222 0.96475096
222 0.96480096
222 0.96480096
222 0.96400096
222 2.60800261
222 2.60920261
222 2.60790261
222 2.61005261
222 2.58910259
222 2.58435258
222 2.58625259
222 2.59075259
222 2.60165260
222 2.60250260
222 2.60085260
222 2.60090260
222 2.60060260
222 2.59925260
222 2.60405260
222 2.60335260
222 2.60435260
222 2.60285260
222 2.59680260
222 2.59610260
222 2.58445258
222 2.58900259
222 2.58415258
222 2.58550259
222 2.60100260
222 2.59645260
222 2.59815260
222 2.59700260
222 1.79610180
222 1.79705180
222 1.80170180
222 1.79755180
222 2.13835214
222 2.24155224
222 2.12420212
222 2.13190213
222 2.58470258
222 2.58535259
222 2.58430258
222 2.58495258
222 2.60960261
222 2.60690261
222 2.60405260
222 2.60455260
222 1.74485174
222 1.74580175
222 1.74965175
222 1.74650175
222 2.59550260
222 2.60050260
222 2.59540260
222 2.59705260
222 2.58460258
222 2.59125259
222 2.58430258
222 2.58670259
222 2.20985221
222 2.20910221
222 2.21280221
222 2.20900221
222 1.75220175
222 1.75235175
222 1.75170175
222 1.74620175
222 2.60500261
222 2.60730261
222 2.60510261
222 2.60625261
222 0.96145096
222 0.95670096
222 0.95665096
222 0.95670096
