690 4.05897103
690 4.05787101
690 4.06002105
690 4.06047106
690 5.22784149
690 5.22069136
690 5.22104137
690 5.22014135
690 5.79010133
690 5.79820147
690 5.78670127
690 5.78780129
690 4.23677414
690 4.24182423
690 4.23642414
690 4.23527412
690 4.09847172
690 4.09862173
690 4.10267180
690 4.10382182
690 4.23537412
690 4.23447410
690 4.24267425
690 4.23592413
690 4.16037281
690 4.14932261
690 4.15092264
690 4.15072264
690 4.24997437
690 4.24092422
690 4.26227459
690 4.26342461
690 4.26372462
690 4.26207459
690 4.26492464
690 4.27157475
690 4.17912313
690 4.17772311
690 4.18257320
690 4.18092317
690 7.34952862
690 7.34482853
690 7.34482853
690 7.35042863
690 4.04257074
690 4.04202074
690 4.04352076
690 4.04257074
690 7.09587418
690 7.09142410
690 7.09642419
690 7.09257412
690 7.24917686
690 7.24007670
690 7.24457678
690 7.24442678
690 4.45142790
690 4.45902803
690 4.45122790
690 4.45212791
690 4.44362776
690 4.43647764
690 4.43602763
690 4.43552762
690 4.10722188
690 4.10832190
690 4.09997175
690 4.10182178
690 7.19317588
690 7.17872563
690 7.07927389
690 7.07882388
690 5.45194541
690 5.45254542
690 5.44604531
690 5.44869535
690 4.27487481
690 4.29302513
690 4.28327496
690 4.28412497
690 4.21102369
690 4.28627501
690 4.18652326
690 4.18667327
690 4.13517237
690 4.13267232
690 4.12027210
690 4.12087212
690 7.42442993
690 7.43063004
690 7.43048003
690 7.42337991
690 4.59333038
690 4.59208036
690 4.59213036
690 4.60118052
690 4.02592045
690 4.03607063
690 4.03867068
690 4.04287075
690 4.66073156
690 4.65528147
690 4.65543147
690 4.65508146
690 4.09077159
690 4.09722170
690 4.10332181
690 4.09162160
690 6.08330646
690 6.08785654
690 6.09685669
690 6.11025693
690 4.26462463
690 4.25367444
690 4.26417462
690 4.26507464
690 4.12127212
690 4.12717223
690 4.12307215
690 4.13577238
