118 2.25070698
118 2.24965697
118 2.25170698
118 2.25000698
118 2.23925694
118 2.23910694
118 2.23920694
118 2.24035695
118 2.25060698
118 2.24895697
118 2.24975697
118 2.25450699
118 2.25745700
118 2.25655700
118 2.25965700
118 2.25745700
118 2.25165698
118 2.25105698
118 2.24980697
118 2.25240698
118 2.25110698
118 2.24650696
118 2.24680697
118 2.24735697
118 2.25050698
118 2.25170698
118 2.25420699
118 2.25345699
118 2.26555702
118 2.26530702
118 2.26675703
118 2.25670700
118 2.25505699
118 2.25865700
118 2.25590699
118 2.25685700
118 0.84210261
118 0.84225261
118 0.84215261
118 0.84195261
118 0.84800263
118 0.84740263
118 0.84665262
118 0.84565262
118 2.25095698
118 2.25050698
118 2.25180698
118 2.25035698
118 2.26040701
118 2.26040701
118 2.26740703
118 2.25975701
118 2.23895694
118 2.24335695
118 2.24010694
118 2.24055695
118 2.25145698
118 2.24950697
118 2.24890697
118 2.25150698
118 2.24990697
118 2.24935697
118 2.24960697
118 2.25190698
118 2.25720700
118 2.25705700
118 2.25780700
118 2.25920700
118 2.24630696
118 2.23945694
118 2.24015694
118 2.24140695
118 2.25930700
118 2.25075698
118 2.25290698
118 2.25040698
118 2.25765700
118 2.25795700
118 2.25725700
118 2.25925700
118 2.25260698
118 2.51100778
118 2.25075698
118 2.25285698
118 2.25930700
118 2.25430699
118 2.25425699
118 2.25590699
118 2.25440699
118 2.25000698
118 2.24955697
118 2.25035698
118 2.25765700
118 2.25785700
118 2.25675700
118 2.25865700
118 1.98540615
118 1.98450615
118 1.98685616
118 1.98665616
118 2.23925694
118 2.23955694
118 2.23910694
118 2.24065695
118 2.25460699
118 2.24910697
118 2.25025698
118 2.24895697
118 0.86330268
118 0.85360265
118 0.85250264
118 0.85255264
118 2.26025701
118 2.26075701
118 2.25925700
118 2.25980701
118 2.23965694
118 2.24010694
118 2.24105695
118 2.23945694
