230 0.96645580
230 0.96665580
230 0.96680580
230 0.96680580
230 2.60376562
230 2.60941566
230 2.60291562
230 2.59776559
230 2.58231549
230 2.58721552
230 2.58301550
230 2.58376550
230 2.59441557
230 2.59356556
230 2.59451557
230 2.59431557
230 2.59341556
230 2.59836559
230 2.59326556
230 2.59521557
230 0.97290584
230 0.98185589
230 0.97185583
230 0.97290584
230 0.96155577
230 0.96260578
230 0.98185589
230 0.96165577
230 2.59921560
230 2.59661558
230 2.60006560
230 2.59881559
230 2.60291562
230 2.60451563
230 2.60276562
230 2.60521563
230 2.61341568
230 2.61336568
230 2.61256568
230 2.61056566
230 0.97045582
230 0.97010582
230 0.97000582
230 0.96920582
230 2.60296562
230 2.60441563
230 2.60366562
230 2.60461563
230 2.59431557
230 2.59666558
230 2.59436557
230 2.59381556
230 1.13195679
230 1.13115679
230 1.13100679
230 1.13125679
230 2.60731564
230 2.60556563
230 2.60551563
230 2.60586564
230 2.60611564
230 2.60536563
230 2.61041566
230 2.60576563
230 2.60771565
230 2.60526563
230 2.60521563
230 2.60591564
230 2.58551551
230 2.58241549
230 2.58226549
230 2.58311550
230 1.72301034
230 1.72631036
230 1.72296034
230 1.72471035
230 2.59571557
230 2.60001560
230 2.59551557
230 2.59646558
230 1.88216129
230 1.97336184
230 1.87601126
230 1.87226123
230 2.58251550
230 2.58791553
230 2.59231555
230 2.58311550
230 2.59676558
230 2.59621558
230 2.59591558
230 2.59781559
230 2.60586564
230 2.61111567
230 2.61411568
230 2.60511563
230 2.61051566
230 2.59846559
230 2.59416556
230 2.59561557
230 2.58241549
230 2.58236549
230 2.58781553
230 2.58456551
230 2.62201573
230 2.61366568
230 2.61986572
230 2.61526569
230 2.59496557
230 2.60401562
230 2.59981560
230 2.60256562
230 2.60406562
230 2.60376562
230 2.61061566
230 2.61296568
230 2.58236549
230 2.58226549
230 2.58236549
230 2.58781553
