262 2.71903127
262 2.71483122
262 2.71573123
262 2.71663124
262 2.63238027
262 2.63298028
262 2.63568031
262 2.63743033
262 1.44076657
262 1.44146658
262 1.44066657
262 1.44061657
262 2.27432615
262 2.27502616
262 2.27332614
262 2.27422615
262 1.00486156
262 1.00491156
262 1.00916161
262 1.00476155
262 2.65343051
262 2.65813057
262 2.65408052
262 2.65463053
262 2.03042335
262 2.03032335
262 2.03047335
262 2.03032335
262 2.30582652
262 2.30182647
262 2.30237648
262 2.30182647
262 2.69103095
262 2.68148084
262 2.68203084
262 2.68338086
262 2.71573123
262 2.70433110
262 2.70598112
262 2.70923116
262 2.72418133
262 2.71673124
262 2.71603123
262 2.72538134
262 2.71303120
262 2.70723113
262 2.70823114
262 2.70733113
262 2.68678090
262 2.68563088
262 2.68528088
262 2.68548088
262 2.69328097
262 2.69818103
262 2.69468099
262 2.69988105
262 2.68733090
262 2.68813091
262 2.68643089
262 2.68633089
262 2.70513111
262 2.71148118
262 2.70513111
262 2.70648112
262 1.00801159
262 1.00796159
262 1.00791159
262 1.00836160
262 2.69363098
262 2.69343097
262 2.69358098
262 2.69578100
262 1.00841160
262 1.00801159
262 1.00876160
262 1.00796159
262 2.70518111
262 2.70608112
262 2.70658113
262 2.70573112
262 2.71718125
262 2.92278361
262 2.71528123
262 2.72063129
262 2.21607548
262 2.21547548
262 2.21672549
262 2.21597548
262 1.07416235
262 1.07496236
262 1.07406235
262 1.07406235
262 1.81137083
262 1.81202084
262 1.81217084
262 1.81347085
262 2.71568123
262 2.71543123
262 2.72803137
262 2.71523123
262 2.60352994
262 2.60272993
262 2.60332994
262 2.60357994
262 2.24927587
262 2.24792585
262 2.24767585
262 2.24797585
262 2.70918116
262 2.70758114
262 2.70773114
262 2.70983116
262 2.72583135
262 2.72613135
262 2.72393133
262 2.72298131
262 2.72323132
262 2.71333120
262 2.71348121
262 2.71398121
