950 7.09196276
950 7.09046271
950 7.09176275
950 7.07141214
950 7.04661140
950 7.04636139
950 7.04771143
950 7.05471164
950 6.19493585
950 6.19668590
950 6.17563527
950 6.17383522
950 7.21871656
950 7.22156665
950 7.21921658
950 7.21736652
950 7.33852016
950 7.32951989
950 7.33136994
950 7.33101993
950 6.82735482
950 6.82115463
950 6.81825455
950 6.82920488
950 4.95504865
950 4.95674870
950 4.95669870
950 4.94774843
950 7.37022111
950 7.36382091
950 7.36287089
950 7.37497125
950 7.18506555
950 7.18956569
950 7.19731592
950 7.19086573
950 7.20921628
950 7.21586648
950 7.21406642
950 7.20956629
950 7.48382451
950 7.49007470
950 7.48432453
950 7.48467454
950 7.48132444
950 7.47567427
950 7.47642429
950 7.47752433
950 7.01516045
950 7.01511045
950 7.02006060
950 7.01971059
950 4.88839665
950 4.90014700
950 4.90314709
950 4.89824695
950 7.38162145
950 7.38192146
950 7.39077172
950 7.38347150
950 7.70613118
950 7.70763123
950 7.67783033
950 7.66933008
950 6.93535806
950 6.93380801
950 6.92985790
950 6.93075792
950 6.98400952
950 6.98065942
950 6.97805934
950 6.98510955
950 7.21026631
950 7.21021631
950 7.21246637
950 7.21736652
950 7.06741202
950 7.06916207
950 7.07996240
950 7.06696201
950 7.21331640
950 7.42917288
950 7.21696651
950 7.21906657
950 5.73272198
950 5.72457174
950 5.72352171
950 5.72572177
950 7.59112773
950 7.58762763
950 7.58667760
950 7.59447783
950 6.23933718
950 6.22198666
950 6.22788684
950 6.22958689
950 7.14946448
950 7.14981449
950 7.14866446
950 7.12966389
950 7.33437003
950 7.34307029
950 7.34492035
950 7.33221997
950 7.15686471
950 7.16271488
950 7.15581467
950 7.15801474
950 7.29646889
950 7.29536886
950 7.29316880
950 7.30436913
950 7.11761353
950 7.11591348
950 7.11916357
950 7.11946358
950 6.99690991
950 6.99885997
950 7.00806024
950 6.99810994
