10 0.28995000
10 0.29175000
10 0.29060000
10 0.29240000
10 0.29170000
10 0.29265000
10 0.29280000
10 0.29200000
10 0.29100000
10 0.28910000
10 0.29115000
10 0.29130000
10 0.29055000
10 0.29255000
10 0.29245000
10 0.29185000
10 0.29125000
10 0.29190000
10 0.29145000
10 0.29360000
10 0.29080000
10 0.29225000
10 0.29295000
10 0.29235000
10 0.29100000
10 0.29085000
10 0.29325000
10 0.29065000
10 0.28980000
10 0.29330000
10 0.29135000
10 0.29235000
10 0.29160000
10 0.29255000
10 0.29245000
10 0.29200000
10 0.29215000
10 0.29260000
10 0.29315000
10 0.29250000
10 0.29000000
10 0.29100000
10 0.29030000
10 0.28915000
10 0.29140000
10 0.29180000
10 0.29030000
10 0.29505000
10 0.29225000
10 0.29145000
10 0.29315000
10 0.29220000
10 0.29080000
10 0.29415000
10 0.29390000
10 0.29195000
10 0.29085000
10 0.28920000
10 0.29100000
10 0.29120000
10 0.29275000
10 0.29235000
10 0.29265000
10 0.29125000
10 0.29765000
10 0.29890000
10 0.29385000
10 0.29400000
10 0.29075000
10 0.29180000
10 0.29230000
10 0.29150000
10 0.29020000
10 0.29070000
10 0.28995000
10 0.29125000
10 0.29100000
10 0.29285000
10 0.29215000
10 0.29230000
10 0.29330000
10 0.36085000
10 0.29230000
10 0.29270000
10 0.29080000
10 0.29040000
10 0.29260000
10 0.29115000
10 0.29270000
10 0.29175000
10 0.29425000
10 0.29340000
10 0.29215000
10 0.29205000
10 0.29190000
10 0.29275000
10 0.29165000
10 0.29225000
10 0.29075000
10 0.29355000
10 0.28995000
10 0.29050000
10 0.29060000
10 0.29475000
10 0.29130000
10 0.29250000
10 0.29265000
10 0.29460000
10 0.29150000
10 0.29245000
10 0.29365000
10 0.29200000
10 0.29270000
10 0.29450000
10 0.29380000
10 0.29215000
10 0.29125000
10 0.29150000
10 0.29145000
10 0.28995000
