98 2.10395652
98 2.10900654
98 2.10575653
98 2.10515653
98 2.13570662
98 2.10010651
98 2.10060651
98 2.10110651
98 2.10405652
98 2.10195652
98 2.10435652
98 2.10490653
98 2.09135648
98 2.08895648
98 2.09110648
98 2.09015648
98 2.11635656
98 2.11010654
98 2.10865654
98 2.09805650
98 2.09820650
98 2.10000651
98 2.09825650
98 2.09840651
98 0.79795247
98 0.79850248
98 0.79760247
98 0.79830247
98 2.09055648
98 2.09295649
98 2.08935648
98 2.08870647
98 2.10795653
98 2.10780653
98 2.10765653
98 2.10605653
98 2.11640656
98 2.11410655
98 2.11240655
98 2.11275655
98 2.10045651
98 2.09975651
98 2.09855651
98 2.10150651
98 2.08740647
98 2.08950648
98 2.08865647
98 2.08995648
98 2.10010651
98 2.10220652
98 2.09970651
98 2.09830650
98 2.10845654
98 2.10740653
98 2.10770653
98 2.10540653
98 2.11580656
98 2.10555653
98 2.10585653
98 2.11025654
98 2.08930648
98 2.09175648
98 2.08785647
98 2.08880648
98 2.10725653
98 2.10450652
98 2.10690653
98 2.10610653
98 0.79435246
98 0.79505246
98 0.80000248
98 0.79420246
98 2.09980651
98 2.09850651
98 2.10035651
98 2.09730650
98 0.79085245
98 0.79250246
98 0.79085245
98 0.79345246
98 2.10520653
98 2.14520665
98 2.10695653
98 2.10620653
98 2.08840647
98 2.08970648
98 2.09075648
98 2.08870647
98 0.79645247
98 0.79785247
98 0.79465246
98 0.79360246
98 2.10820654
98 2.10675653
98 2.10575653
98 2.10705653
98 2.10735653
98 2.10020651
98 2.09985651
98 2.10085651
98 2.09375649
98 2.08935648
98 2.08810647
98 2.08935648
98 2.09690650
98 2.10105651
98 2.09840651
98 2.09995651
98 2.10645653
98 2.10045651
98 2.09945651
98 2.10335652
98 2.10415652
98 2.10615653
98 2.10550653
98 2.10470652
98 2.10455652
98 2.09165648
98 2.08985648
98 2.09005648
