638 3.83301767
638 3.83156763
638 3.83221765
638 3.83341769
638 5.08235603
638 5.08120599
638 5.07800589
638 5.07880592
638 4.49098787
638 4.49023785
638 4.48193760
638 4.48123757
638 3.93402077
638 3.93642085
638 3.94147100
638 3.93477080
638 3.94262104
638 3.94387108
638 3.94397108
638 3.94217102
638 3.85666840
638 3.84401801
638 3.84886816
638 3.84121793
638 4.70659449
638 4.64099248
638 4.57464044
638 4.57629049
638 4.46498708
638 4.46503708
638 4.47183729
638 4.46933721
638 6.23269134
638 6.23109129
638 6.23734149
638 6.23274135
638 7.10351808
638 7.10331807
638 7.11126832
638 7.09936795
638 6.61655313
638 6.62225330
638 6.61695314
638 6.61510308
638 4.75694604
638 4.76394625
638 4.76814638
638 4.75959612
638 7.54218154
638 7.54343158
638 7.51528072
638 7.51363067
638 4.00392292
638 4.01052312
638 4.02537358
638 4.01842337
638 6.82690959
638 6.82945966
638 6.83610987
638 6.82750960
638 5.38841542
638 5.39046549
638 5.39711569
638 5.39081550
638 5.90928141
638 5.90718135
638 5.89628102
638 5.89663103
638 4.44253639
638 4.44318641
638 4.45003662
638 4.45083664
638 4.09537573
638 4.09932585
638 4.10427600
638 4.09012557
638 4.50508831
638 4.50283824
638 4.50028816
638 4.50023816
638 4.40678529
638 4.42883597
638 4.43213607
638 4.42188575
638 4.18452847
638 4.18282841
638 4.19147868
638 4.18822858
638 4.45258669
638 4.45408674
638 4.45418674
638 4.45323671
638 3.88856938
638 3.88036913
638 3.88216918
638 3.88136916
638 3.76326553
638 3.78796629
638 3.76881570
638 3.76311553
638 4.20752917
638 4.21022925
638 4.20807919
638 4.20787918
638 4.03702394
638 4.03552389
638 4.03702394
638 4.04107406
638 7.61468377
638 7.59933330
638 7.59873328
638 7.59858328
638 3.82391739
638 3.82326737
638 3.82321737
638 3.82396740
638 4.99260327
638 4.99320329
638 4.99025320
638 4.98930317
