290 1.02155766
290 1.01510761
290 1.01500761
290 1.01505761
290 2.73257049
290 2.73512051
290 2.74017055
290 2.73607052
290 2.70712030
290 2.70577029
290 2.70752031
290 2.70642030
290 2.71227034
290 2.71247034
290 2.71762038
290 2.71297035
290 2.73822054
290 2.73462051
290 2.73697053
290 2.72802046
290 2.73502051
290 2.73592052
290 2.73537052
290 2.73827054
290 1.75706318
290 1.75721318
290 1.75626317
290 1.75871319
290 2.16461623
290 2.16441623
290 2.16441623
290 2.16526624
290 2.12161591
290 2.11626587
290 2.11351585
290 2.11111583
290 2.23596677
290 2.23446676
290 2.23506676
290 2.23516676
290 1.67721258
290 1.67686258
290 1.67841259
290 1.68166261
290 2.73737053
290 2.73527051
290 2.73547052
290 2.73677053
290 2.72617045
290 2.72732045
290 2.72777046
290 2.73242049
290 1.01805764
290 1.01805764
290 1.02090766
290 1.01795763
290 2.71382035
290 2.71457036
290 2.71257034
290 2.72822046
290 2.25541692
290 2.25611692
290 2.25816694
290 2.25376690
290 1.72351293
290 1.72361293
290 1.72426293
290 1.72361293
290 2.06366548
290 2.06366548
290 2.06361548
290 2.06286547
290 2.06511549
290 2.05981545
290 2.06561549
290 2.05971545
290 2.72682045
290 2.72827046
290 2.72682045
290 2.72857046
290 2.63496976
290 2.86367148
290 2.61611962
290 2.61771963
290 2.71317035
290 2.71297035
290 2.71812039
290 2.71302035
290 1.01855764
290 1.01895764
290 1.01805764
290 1.01890764
290 1.55406166
290 1.55411166
290 1.55416166
290 1.55806169
290 1.71116283
290 1.70961282
290 1.71131283
290 1.71036283
290 1.79496346
290 1.79491346
290 1.79536347
290 1.79476346
290 2.72452043
290 2.72582044
290 2.72782046
290 2.72527044
290 2.74332057
290 2.73467051
290 2.73617052
290 2.73427051
290 2.74962062
290 2.75062063
290 2.75572067
290 2.75177064
290 2.71377035
290 2.71357035
290 2.71377035
290 2.71212034
