306 2.76687020
306 2.76802021
306 2.76437018
306 2.76687020
306 2.75827014
306 2.75692013
306 2.75582012
306 2.75752013
306 2.77312024
306 2.78037030
306 2.77227024
306 2.77187023
306 2.74297002
306 2.74312002
306 2.74212002
306 2.75197009
306 1.01985744
306 1.01885744
306 1.01725743
306 1.01800743
306 2.17991591
306 2.18081592
306 2.17976591
306 2.18126592
306 2.76292017
306 2.76287017
306 2.76227016
306 2.76272017
306 2.16666582
306 2.16221578
306 2.16826583
306 2.16286579
306 2.34671713
306 2.34721713
306 2.34576712
306 2.34656713
306 2.75842014
306 2.75682012
306 2.76042015
306 2.75687013
306 2.74332003
306 2.74222002
306 2.74242002
306 2.74292002
306 2.50391828
306 2.50411828
306 2.51101833
306 2.51216834
306 2.77512026
306 2.77582026
306 2.77527026
306 2.77497026
306 2.12401551
306 2.12541552
306 2.12411551
306 2.13121556
306 2.34651713
306 2.34641713
306 2.34766714
306 2.34636713
306 2.22321623
306 2.22496624
306 2.22311623
306 2.22486624
306 2.76097016
306 2.76222016
306 2.75617012
306 2.75852014
306 2.77242024
306 2.77262024
306 2.77267024
306 2.76807021
306 2.74407003
306 2.74297002
306 2.74227002
306 2.74367003
306 1.73071263
306 1.73241265
306 1.73211264
306 1.73161264
306 1.02340747
306 1.27445930
306 1.02100745
306 1.02015745
306 2.74242002
306 2.74212002
306 2.74312002
306 2.74267002
306 2.76542019
306 2.75912014
306 2.75882014
306 2.75527011
306 2.76817021
306 2.76332017
306 2.76212016
306 2.76312017
306 2.75407010
306 2.75587012
306 2.76012015
306 2.77452025
306 2.59456894
306 2.59471894
306 2.59591895
306 2.59516894
306 2.13496559
306 2.13491558
306 2.13616559
306 2.13866561
306 2.76457018
306 2.77257024
306 2.76477018
306 2.76557019
306 1.01995745
306 1.02035745
306 1.01950744
306 1.02015745
306 2.74327003
306 2.74787006
306 2.74232002
306 2.74212002
