994 7.33566408
994 7.33691413
994 7.34096427
994 7.34061426
994 7.55627203
994 7.55922213
994 7.55617202
994 7.55582201
994 7.25891132
994 7.25766128
994 7.26136141
994 7.25981135
994 7.20990956
994 7.17110816
994 7.17580833
994 7.14750731
994 5.73780656
994 5.73555648
994 5.73765656
994 5.73425643
994 7.51252045
994 7.51442052
994 7.51782064
994 7.51772064
994 6.75689325
994 6.76204343
994 6.75844330
994 6.75564320
994 6.80329492
994 6.80084483
994 6.79604466
994 6.80194487
994 6.10491978
994 6.10096963
994 6.09866955
994 6.10081963
994 7.63232476
994 7.62752459
994 7.62477449
994 7.61902428
994 6.74864295
994 6.74804293
994 6.75264310
994 6.74734290
994 6.92039913
994 6.91669900
994 6.92024913
994 6.91999912
994 7.14950738
994 7.15345752
994 7.14805733
994 7.15620762
994 6.69934118
994 6.70504138
994 6.70004120
994 6.69879116
994 7.29566264
994 7.28616230
994 7.27666196
994 7.24961099
994 5.83200995
994 5.83115992
994 5.83160994
994 5.83346000
994 6.92564932
994 6.93104952
994 6.92699937
994 6.93019949
994 5.37844362
994 5.37744359
994 5.37924365
994 5.38229376
994 6.25807529
994 6.26577557
994 6.25787528
994 6.26282546
994 7.64622526
994 7.64682529
994 7.64987540
994 7.64462521
994 5.63305279
994 5.75660724
994 5.61610218
994 5.62205239
994 7.01340248
994 7.00860231
994 7.00990236
994 7.01310247
994 6.91099880
994 6.91239885
994 6.91484893
994 6.92069915
994 7.19505902
994 7.19765912
994 7.20135925
994 7.19485901
994 6.85744687
994 6.85769688
994 6.83774616
994 6.83674612
994 7.42546732
994 7.43086751
994 7.42411727
994 7.42566732
994 7.64472521
994 7.63832498
994 7.64007504
994 7.64282514
994 7.16900808
994 7.16995812
994 7.18425863
994 7.16935810
994 6.59413739
994 6.59423739
994 6.59878756
994 6.59248733
994 6.27622594
994 6.28092611
994 6.28182615
994 6.27457588
