338 2.78422812
338 2.78497813
338 2.78242810
338 2.78327811
338 1.06911080
338 1.06986081
338 1.06976080
338 1.06901080
338 2.45297478
338 2.45672481
338 2.45957484
338 2.45522480
338 2.76952797
338 2.76967797
338 2.76842796
338 2.76927797
338 2.41577440
338 2.41437439
338 2.41902443
338 2.41547440
338 1.06916080
338 1.06981081
338 1.06826079
338 1.06896080
338 2.79112819
338 2.79127819
338 2.79102819
338 2.79182820
338 2.77817806
338 2.76917797
338 2.77027798
338 2.76902797
338 1.29781311
338 1.29876312
338 1.30036313
338 1.29941312
338 1.07081082
338 1.06836079
338 1.06906080
338 1.06906080
338 2.77397802
338 2.77317801
338 2.76917797
338 2.76862796
338 2.07147092
338 2.06992091
338 2.07062091
338 2.07057091
338 2.79172820
338 2.79187820
338 2.78002808
338 2.78247810
338 2.78767816
338 2.78787816
338 2.78772816
338 2.78847816
338 1.06041071
338 1.06031071
338 1.06431075
338 1.06106072
338 2.79022818
338 2.79337821
338 2.79182820
338 2.79247820
338 2.78112809
338 2.78077809
338 2.78047808
338 2.79007818
338 1.72216739
338 1.71711734
338 1.71681734
338 1.71621733
338 2.76877796
338 2.76857796
338 2.77027798
338 2.76907797
338 1.62611642
338 1.61891635
338 1.61806634
338 1.61831634
338 2.78497813
338 2.97128001
338 2.78227810
338 2.78422812
338 1.06041071
338 1.06136072
338 1.06031071
338 1.06026071
338 1.24026253
338 1.24116254
338 1.24011253
338 1.24131254
338 2.27742300
338 2.27402297
338 2.27377297
338 2.27402297
338 1.24156254
338 1.24106253
338 1.24116254
338 1.24166254
338 2.75027778
338 2.75087778
338 2.75102779
338 2.75487782
338 1.06636077
338 1.06556076
338 1.06711078
338 1.07541086
338 2.78112809
338 2.78157809
338 2.78072809
338 2.78092809
338 1.07296084
338 1.07296084
338 1.07421085
338 1.07991091
338 2.76847796
338 2.76862796
338 2.76832796
338 2.76942797
