114 2.23250759
114 2.22795758
114 2.23035758
114 2.23095759
114 2.22745757
114 2.22165755
114 2.22160755
114 2.22195755
114 2.22120755
114 2.22290756
114 2.22650757
114 2.22295756
114 2.24295763
114 2.23815761
114 2.23390760
114 2.22920758
114 2.21085752
114 2.21325753
114 2.21215752
114 2.21235752
114 2.22265756
114 2.22090755
114 2.22210756
114 2.22220756
114 2.22290756
114 2.22115755
114 2.22160755
114 2.22295756
114 2.22875758
114 2.23440760
114 2.23035758
114 2.23030758
114 2.21170752
114 2.21690754
114 2.21190752
114 2.21260752
114 2.22375756
114 2.22265756
114 2.22110755
114 2.22295756
114 2.22445756
114 2.22495756
114 2.22325756
114 2.22915758
114 2.21280752
114 2.21195752
114 2.21225752
114 2.21355753
114 1.69515576
114 1.68950574
114 1.68835574
114 1.68830574
114 2.22205755
114 2.22745757
114 2.22175755
114 2.22215756
114 2.21270752
114 2.21155752
114 2.21220752
114 2.21255752
114 2.22225756
114 2.22255756
114 2.22195755
114 2.22670757
114 2.23045758
114 2.23000758
114 2.22980758
114 2.23195759
114 2.24105762
114 2.23685761
114 2.23570760
114 2.23850761
114 2.21515753
114 2.21070752
114 2.21275752
114 2.21290752
114 2.23040758
114 2.23170759
114 2.22980758
114 2.23240759
114 0.83800285
114 0.90380307
114 0.83685285
114 0.83515284
114 0.83060282
114 0.83550284
114 0.83165283
114 0.83105283
114 2.23030758
114 2.22980758
114 2.23025758
114 2.23385760
114 2.23025758
114 2.23005758
114 2.23185759
114 2.24185762
114 2.23160759
114 2.23100759
114 2.23125759
114 2.23100759
114 2.21785754
114 2.21215752
114 2.21245752
114 2.21220752
114 2.22560757
114 2.22360756
114 2.23160759
114 2.22530757
114 2.22245756
114 2.22245756
114 2.22515757
114 2.22295756
114 2.23210759
114 2.23190759
114 2.23030758
114 2.23010758
114 2.21260752
114 2.21160752
114 2.21220752
114 2.21290752
