274 1.00320963
274 1.00320963
274 1.00310963
274 1.00385964
274 1.01155971
274 1.01145971
274 1.01140971
274 1.01230972
274 2.72062612
274 2.72152613
274 2.72542616
274 2.72057612
274 2.13932054
274 2.13777052
274 2.13922054
274 2.13937054
274 1.86846794
274 1.86876794
274 1.86856794
274 1.86846794
274 2.10357019
274 2.10322019
274 2.10397020
274 2.10327019
274 1.61911554
274 1.61841554
274 1.61756553
274 1.61846554
274 2.69102583
274 2.69092583
274 2.69547588
274 2.69092583
274 2.70587598
274 2.70102593
274 2.70422596
274 2.70222594
274 2.72157613
274 2.72117612
274 2.73432625
274 2.73992630
274 1.75321683
274 1.75186682
274 1.75136681
274 1.76011690
274 1.00330963
274 1.00325963
274 1.00325963
274 1.00320963
274 2.67762571
274 2.67842571
274 2.68222575
274 2.67712570
274 2.73097622
274 2.73262623
274 2.73142622
274 2.73192623
274 1.01430974
274 1.01435974
274 1.01430974
274 1.01420974
274 2.71262604
274 2.70932601
274 2.70997602
274 2.70982601
274 2.72147613
274 2.72127612
274 2.72102612
274 2.72167613
274 1.01405973
274 1.01180971
274 1.01140971
274 1.01150971
274 2.84512731
274 2.72097612
274 2.72242614
274 2.72092612
274 2.32687234
274 2.32707234
274 2.32787235
274 2.32327230
274 1.14881103
274 1.39481339
274 1.14996104
274 1.14891103
274 2.72782619
274 2.72682618
274 2.72077612
274 2.72247614
274 2.68762580
274 2.68782580
274 2.69192584
274 2.69007582
274 2.48707388
274 2.48652387
274 2.48712388
274 2.48797388
274 2.72077612
274 2.72172613
274 2.72382615
274 2.72402615
274 2.72172613
274 2.72492616
274 2.72072612
274 2.72372615
274 2.32162229
274 2.32177229
274 2.32252230
274 2.32627233
274 2.72267614
274 2.72122612
274 2.72107612
274 2.72212613
274 2.16642080
274 2.16487078
274 2.16492078
274 2.16557079
274 2.73822629
274 2.73207623
274 2.73257623
274 2.74537636
