162 0.92100589
162 0.92265590
162 0.92110590
162 0.92175590
162 2.44856567
162 2.44781567
162 2.44926568
162 2.44831567
162 1.75076120
162 1.74476117
162 1.74461117
162 1.74471117
162 2.45086569
162 2.45076568
162 2.57306647
162 2.45076568
162 2.45761573
162 2.45626572
162 2.46271576
162 2.45771573
162 2.45666572
162 2.45586572
162 2.45566572
162 2.45646572
162 2.43851561
162 2.43726560
162 2.43716560
162 2.44196563
162 2.45781573
162 2.45676572
162 2.45781573
162 2.45996574
162 2.45646572
162 2.45941574
162 2.44916567
162 2.45076568
162 2.45681572
162 2.45726573
162 2.45861574
162 2.45781573
162 0.91465585
162 0.91535586
162 0.91530586
162 0.91460585
162 2.45076568
162 2.45031568
162 2.45001568
162 2.45316570
162 2.45596572
162 2.45511571
162 2.45606572
162 2.45931574
162 2.43841561
162 2.43871561
162 2.43741560
162 2.43896561
162 2.44811567
162 2.45051568
162 2.44891567
162 2.44876567
162 2.18351397
162 2.18441398
162 2.18566399
162 2.18406398
162 2.46256576
162 2.45946574
162 2.45811573
162 2.45731573
162 2.43746560
162 2.44346564
162 2.43726560
162 2.43886561
162 0.91885588
162 0.91760587
162 0.91815588
162 0.91910588
162 2.08976337
162 2.08976337
162 2.09146339
162 2.08966337
162 2.22321423
162 2.43336557
162 2.23281429
162 2.24676438
162 0.91065583
162 0.92070589
162 0.91115583
162 0.92120590
162 2.26146447
162 2.25871446
162 2.26491450
162 2.25861446
162 2.46081575
162 2.46951580
162 2.45631572
162 2.46801580
162 1.92816234
162 1.92636233
162 1.92716233
162 1.92951235
162 0.91175584
162 0.91090583
162 0.91090583
162 0.91080583
162 2.47096581
162 2.46736579
162 2.46576578
162 2.45761573
162 0.91435585
162 0.91530586
162 0.91455585
162 0.92140590
162 0.92560592
162 0.91715587
162 0.92380591
162 0.91670587
162 0.91635586
162 0.91080583
162 0.92125590
162 0.91070583
