778 4.51341519
778 4.48336409
778 4.44266260
778 4.44001250
778 4.77327470
778 4.77937493
778 4.78412510
778 4.79732558
778 4.37296005
778 4.37936028
778 4.39021068
778 4.39131072
778 7.20956387
778 7.22306436
778 7.22116429
778 7.23441478
778 7.28061647
778 7.28821675
778 7.27526627
778 7.27931642
778 5.51580188
778 5.49930127
778 5.49915127
778 5.49495112
778 6.53538920
778 6.55954008
778 6.56169016
778 6.55678998
778 4.55126658
778 4.57481744
778 4.54826647
778 4.55741680
778 7.17241251
778 7.17766270
778 7.15816199
778 7.15371183
778 7.19581337
778 7.18856310
778 7.18321291
778 7.18871311
778 4.58311774
778 4.56651713
778 4.56761717
778 4.56471707
778 4.31075777
778 4.30830768
778 4.29195709
778 4.29255711
778 7.35246910
778 7.34846895
778 7.35051903
778 7.35521920
778 7.37406989
778 7.37236983
778 7.35051903
778 7.34896897
778 4.36580979
778 4.35315933
778 4.35535941
778 4.35225929
778 7.20611374
778 7.22331437
778 7.19881348
778 7.20086355
778 4.36330970
778 4.35920955
778 4.35585942
778 4.35770949
778 4.43611236
778 4.45021288
778 4.45221295
778 4.42381191
778 4.16225234
778 4.16260235
778 4.16765254
778 4.16205233
778 4.91447987
778 4.90887966
778 4.90277944
778 4.90817964
778 4.38601053
778 4.65247028
778 4.42751205
778 4.42506196
778 6.15177515
778 6.15557529
778 6.15267519
778 6.15897542
778 4.15225197
778 4.15870221
778 4.15440205
778 4.16130230
778 4.29085705
778 4.28745692
778 4.29465718
778 4.30315750
778 4.23570503
778 4.22705471
778 4.23290492
778 4.23140487
778 7.11286033
778 7.11016023
778 7.10641009
778 7.10916020
778 7.40767112
778 7.41277131
778 7.40767112
778 7.41477138
778 4.25530574
778 4.25660579
778 4.25665579
778 4.25415570
778 5.40954799
778 5.42254847
778 5.42554858
778 5.42254847
778 4.34115889
778 4.33875880
778 4.33670872
778 4.33645871
