362 2.80288139
362 2.80138138
362 2.80178138
362 2.80448141
362 2.07307322
362 2.07697326
362 2.07297322
362 2.07287322
362 2.13367390
362 2.13282389
362 2.13357390
362 2.13302389
362 1.71731923
362 1.71756924
362 1.71876925
362 1.71716923
362 2.73538064
362 2.72763055
362 2.72953057
362 2.72953057
362 2.81958158
362 2.81913157
362 2.81843157
362 2.82003158
362 1.71421920
362 1.70966915
362 1.71096916
362 1.70916914
362 2.43062722
362 2.43077722
362 2.43067722
362 2.43147723
362 2.80873146
362 2.82148160
362 2.81388152
362 2.81043148
362 1.82312042
362 1.82332042
362 1.82247041
362 1.82222041
362 2.78763122
362 2.78613120
362 2.78668121
362 2.79168127
362 1.08236212
362 1.07871208
362 1.07696206
362 1.07696206
362 1.83902060
362 1.83847059
362 1.83837059
362 1.83812059
362 2.33717618
362 2.33597616
362 2.34492626
362 2.33772618
362 2.78733122
362 2.78593120
362 2.78693121
362 2.79573131
362 2.04487290
362 2.04247288
362 2.04247288
362 2.04717293
362 1.23981389
362 1.23946388
362 1.24041389
362 1.23871387
362 1.29856454
362 1.29896455
362 1.29916455
362 1.29816454
362 2.78518119
362 2.79038125
362 2.78518119
362 2.79653132
362 2.17897440
362 2.18047442
362 2.17912441
362 2.17962441
362 2.79853134
362 2.94593299
362 2.80138138
362 2.80163138
362 1.07386203
362 1.07251201
362 1.07251201
362 1.07741207
362 1.83742058
362 1.83737058
362 1.83787058
362 1.83737058
362 2.76018091
362 2.76118093
362 2.76343095
362 2.75948091
362 2.53477839
362 2.53612840
362 2.53692841
362 2.53532840
362 1.62316818
362 1.62301818
362 1.62361818
362 1.62381819
362 2.81098148
362 2.80308139
362 2.80488141
362 2.80298139
362 1.18596328
362 1.18471327
362 1.18511327
362 1.18431326
362 1.24326392
362 1.24351393
362 1.24241392
362 1.24311392
362 2.78843123
362 2.78623121
362 2.78598120
362 2.78613120
