558 2.73577243
558 2.73267241
558 2.73322241
558 2.73102239
558 3.97878263
558 3.98263266
558 3.97863262
558 3.97878263
558 3.84663154
558 3.84148150
558 3.83473144
558 3.84208151
558 3.34157740
558 3.34022739
558 3.34107740
558 3.34162740
558 3.57007927
558 3.57312930
558 3.57072928
558 3.56962927
558 3.21947640
558 3.21537637
558 3.22717646
558 3.21382635
558 2.67872197
558 2.68142199
558 2.67887197
558 2.67837196
558 2.78032280
558 2.77987279
558 2.77977279
558 2.78002280
558 3.17347602
558 3.17327602
558 3.17422603
558 3.17522604
558 2.76517267
558 2.76842270
558 2.76912271
558 2.76792270
558 2.70892221
558 2.70857221
558 2.70797221
558 2.70927222
558 3.40682794
558 3.40672794
558 3.40577793
558 3.41027796
558 4.02533301
558 4.02853303
558 4.02553301
558 4.02548301
558 2.81882311
558 2.82352315
558 2.82107313
558 2.81957312
558 2.76547268
558 2.76722269
558 2.76617268
558 2.76572268
558 2.93067403
558 2.92627400
558 2.92777401
558 2.92727400
558 3.74128068
558 3.74453071
558 3.73898066
558 3.74248069
558 3.83308143
558 3.83163142
558 3.83128142
558 3.83143142
558 2.88512366
558 2.88467365
558 2.88997370
558 2.88452365
558 2.99552456
558 2.99977460
558 2.99677457
558 2.99597457
558 3.02202478
558 3.31437718
558 3.02247478
558 3.02302479
558 2.81207306
558 2.81017304
558 2.81417308
558 2.81107305
558 3.55412914
558 3.55462915
558 3.55317914
558 3.55387914
558 3.30112707
558 3.31157715
558 3.30047706
558 3.29987706
558 3.94133232
558 3.94128232
558 3.94278233
558 3.94503235
558 3.30942714
558 3.31132715
558 3.31017714
558 3.30957714
558 2.86652351
558 2.86677351
558 2.87617358
558 2.87552358
558 3.59772950
558 3.59702950
558 3.59767950
558 3.59962952
558 2.70882221
558 2.71332225
558 2.71202224
558 2.70822221
558 3.67388013
558 3.67403013
558 3.67503014
558 3.67518014
