898 5.62968071
898 5.63573091
898 5.63433086
898 5.62863068
898 6.86342032
898 6.87482068
898 6.86347032
898 6.87147057
898 7.10367803
898 7.10427805
898 7.09897788
898 7.09832786
898 7.52864167
898 7.52344150
898 7.52419153
898 7.52854167
898 5.02741138
898 5.02471129
898 5.02546132
898 5.03056148
898 6.73726627
898 6.74061637
898 6.73956634
898 6.74371647
898 4.32578886
898 4.32073870
898 4.31928865
898 4.31893864
898 7.32578516
898 7.32258505
898 7.32163502
898 7.32508514
898 7.22853204
898 7.22648197
898 7.22763201
898 7.22403189
898 4.52729533
898 4.52734533
898 4.52724532
898 4.53039543
898 6.30395236
898 6.30270232
898 6.29975222
898 6.30825249
898 7.24918270
898 7.24718263
898 7.25533290
898 7.25043274
898 7.17878044
898 7.18298057
898 7.17588035
898 7.17758040
898 6.07044486
898 6.07149489
898 6.06789478
898 6.06609472
898 7.34473577
898 7.34678583
898 7.35088596
898 7.33613549
898 4.41709179
898 4.43009221
898 4.41109160
898 4.41284165
898 4.47379361
898 4.47954379
898 4.48289390
898 4.47804375
898 5.73008394
898 5.73013394
898 5.73413407
898 5.86208817
898 4.52454524
898 4.52364521
898 4.53234549
898 4.53034542
898 5.96839159
898 5.96554149
898 5.96979163
898 5.97844191
898 6.47690791
898 6.68716466
898 6.53060963
898 6.52840956
898 5.11246411
898 5.10521388
898 5.10566389
898 5.10396384
898 6.80556846
898 6.82651913
898 6.82076895
898 6.81646881
898 4.75990279
898 4.75405261
898 4.75460262
898 4.75390260
898 7.77189948
898 7.77379954
898 7.76294919
898 7.76729933
898 7.16658005
898 7.16793009
898 7.16708006
898 7.17643036
898 4.72555169
898 4.71890148
898 4.71770144
898 4.72350162
898 7.43238858
898 7.44588901
898 7.43963881
898 7.44508899
898 4.91135765
898 4.91275770
898 4.91210768
898 4.91555779
898 6.81781885
898 6.81771885
898 6.81981892
898 6.91782206
