642 7.26165104
642 7.26125103
642 7.25335087
642 7.25500090
642 4.07738481
642 4.07733481
642 4.07238471
642 4.07223470
642 4.00398328
642 4.01023341
642 4.00963340
642 4.00543331
642 7.63675884
642 7.63565882
642 7.60890827
642 7.60740823
642 3.91838150
642 3.91853151
642 3.92723169
642 3.91883151
642 4.46449286
642 4.46519288
642 4.46594289
642 4.45869274
642 3.82032946
642 3.81317931
642 3.81392933
642 3.81307931
642 7.59130790
642 7.58665780
642 7.58275772
642 7.59210792
642 4.62709624
642 4.62764626
642 4.62719625
642 4.62769626
642 6.15702807
642 6.14927790
642 6.14767787
642 6.14907790
642 4.17493684
642 4.16963673
642 4.17028674
642 4.17038674
642 4.33869024
642 4.34164031
642 4.34449037
642 4.33979027
642 4.25313847
642 4.25173844
642 4.25323847
642 4.25563852
642 4.34599040
642 4.34264033
642 4.34349034
642 4.34294033
642 3.85958028
642 3.84302994
642 3.87288056
642 3.85783024
642 4.38634124
642 4.39764147
642 4.38184114
642 4.37099092
642 4.06803462
642 4.06788461
642 4.06863463
642 4.06868463
642 7.56685739
642 7.56470735
642 7.56745740
642 7.56835742
642 3.97093260
642 3.97008258
642 3.96928256
642 3.97028258
642 4.56049486
642 4.55774480
642 4.55439473
642 4.55494474
642 6.54243608
642 6.58028687
642 6.31988145
642 6.32153149
642 4.31773981
642 4.31853983
642 4.31713980
642 4.31453974
642 3.88158074
642 3.87948069
642 3.87938069
642 3.88553082
642 4.27833899
642 4.27758897
642 4.27723897
642 4.27788898
642 5.07235550
642 5.06820542
642 5.06825542
642 5.07015546
642 4.07088467
642 4.07883484
642 4.07088467
642 4.07063467
642 3.96908256
642 3.96548248
642 3.96698251
642 3.97693272
642 7.55890723
642 7.55935723
642 7.56085727
642 7.55680718
642 7.51720636
642 7.52755657
642 7.51835638
642 7.51775637
642 4.49934359
642 4.50414369
642 4.49979360
642 4.49919358
