494 1.10262260
494 1.10427264
494 1.10322262
494 1.10392263
494 1.79653683
494 1.79793686
494 1.79718684
494 1.79763685
494 1.45207977
494 1.45167976
494 1.45147976
494 1.45297979
494 2.61840368
494 2.61335357
494 2.61315357
494 2.61405359
494 2.86730878
494 2.86940882
494 2.86575875
494 2.86550874
494 1.67678437
494 1.67328430
494 1.67278429
494 1.67588436
494 1.74273573
494 1.74513578
494 1.74253572
494 1.74283573
494 1.09442244
494 1.09452244
494 1.09517245
494 1.09422243
494 2.26384641
494 2.26759649
494 2.26124636
494 2.26209637
494 2.78035700
494 2.78050700
494 2.78030700
494 2.78375707
494 2.16889446
494 2.16699442
494 2.17169452
494 2.16794444
494 2.75885656
494 2.75895656
494 2.75795654
494 2.75835655
494 1.62838338
494 1.62838338
494 1.63003342
494 1.62823338
494 1.10712270
494 1.10777271
494 1.10772271
494 1.10792271
494 2.62125374
494 2.62110373
494 2.62135374
494 2.62700385
494 2.33249782
494 2.33504787
494 2.34004797
494 2.33279782
494 2.77805695
494 2.77795695
494 2.77710693
494 2.77670692
494 2.20879528
494 2.20809527
494 2.20904529
494 2.21439540
494 1.68258449
494 1.68248449
494 1.68253449
494 1.68233449
494 1.45797989
494 1.44847969
494 1.44772968
494 1.45587985
494 2.25564624
494 2.25914631
494 2.25384620
494 2.25854630
494 2.85295849
494 2.85160846
494 2.85150846
494 2.85205847
494 1.74073569
494 1.73673560
494 1.73853564
494 1.74333574
494 2.43980002
494 2.43925000
494 2.44005002
494 2.43990002
494 2.25414621
494 2.25514623
494 2.25479622
494 2.25699627
494 2.85820859
494 2.85785859
494 2.85400851
494 2.85430851
494 2.64245417
494 2.64255417
494 2.64460421
494 2.64390420
494 1.53348144
494 1.52503126
494 1.52578128
494 1.52568128
494 2.74965637
494 2.74975637
494 2.74940636
494 2.74980637
494 2.51695160
494 2.51760161
494 2.52290172
494 2.52445175
