310 2.75850552
310 2.76100552
310 2.76620553
310 2.76740553
310 2.74550549
310 2.74485549
310 2.74370549
310 2.74455549
310 2.77640555
310 2.78665557
310 2.77820556
310 2.77755556
310 2.51005502
310 2.50995502
310 2.50920502
310 2.51065502
310 2.76470553
310 2.76940554
310 2.76895554
310 2.76495553
310 2.74485549
310 2.74380549
310 2.74385549
310 2.75585551
310 2.75825552
310 2.76035552
310 2.75665551
310 2.75680551
310 2.71820544
310 2.71540543
310 2.71515543
310 2.71590543
310 2.38115476
310 2.38485477
310 2.38130476
310 2.38950478
310 2.74500549
310 2.74470549
310 2.74380549
310 2.74385549
310 2.03670407
310 2.03510407
310 2.03895408
310 2.03595407
310 2.06040412
310 2.05965412
310 2.06040412
310 2.06035412
310 1.50800302
310 1.50795302
310 1.50790302
310 1.50790302
310 1.39210278
310 1.39180278
310 1.39590279
310 1.39150278
310 2.78010556
310 2.76455553
310 2.76535553
310 2.76485553
310 1.14975230
310 1.14970230
310 1.15060230
310 1.14965230
310 1.01350203
310 1.01355203
310 1.01770204
310 1.01325203
310 2.76605553
310 2.76450553
310 2.76180552
310 2.75715551
310 2.75785552
310 2.75780552
310 2.75780552
310 2.76415553
310 2.75745551
310 2.75575551
310 2.75625551
310 2.75835552
310 1.96170392
310 2.23145446
310 1.96095392
310 1.96160392
310 1.75300351
310 1.75360351
310 1.75370351
310 1.75740351
310 1.01900204
310 1.01980204
310 1.01860204
310 1.01855204
310 2.76265553
310 2.76230552
310 2.76275553
310 2.76145552
310 1.93250387
310 1.93235386
310 1.93570387
310 1.93230386
310 2.41620483
310 2.41705483
310 2.41605483
310 2.41835484
310 2.75055550
310 2.75150550
310 2.75205550
310 2.75510551
310 2.75585551
310 2.76140552
310 2.75640551
310 2.75715551
310 1.02155204
310 1.02145204
310 1.02215204
310 1.02140204
310 1.01405203
310 1.01325203
310 1.01325203
310 1.01800204
