670 5.39823496
670 5.39663492
670 5.40093502
670 5.38413460
670 3.99024976
670 3.98969974
670 3.99214980
670 3.99779994
670 4.07070177
670 4.06835171
670 4.07060177
670 4.06965174
670 3.93079827
670 3.93244831
670 3.92799820
670 3.92469812
670 5.07102678
670 5.07172679
670 5.07817695
670 5.06892672
670 3.97899947
670 3.98109953
670 3.98109953
670 3.97919948
670 4.20545514
670 4.20220506
670 4.20250506
670 4.20200505
670 5.48618715
670 5.48443711
670 5.48358709
670 5.48068702
670 6.60776519
670 6.61046526
670 6.60441511
670 6.60476512
670 7.15482887
670 7.13562839
670 7.13692842
670 7.13557839
670 4.05200130
670 4.05485137
670 4.05050126
670 4.04930123
670 6.93952349
670 6.91592290
670 6.91527288
670 6.91437286
670 4.04785120
670 4.04105103
670 4.04690117
670 4.03910098
670 4.27925698
670 4.28370709
670 4.28540714
670 4.27840696
670 3.99194980
670 3.99174979
670 3.99569989
670 3.99459986
670 4.03285082
670 4.03180080
670 4.03265082
670 4.03250081
670 4.09120228
670 4.09085227
670 4.08815220
670 4.08620216
670 4.50146254
670 4.49901248
670 4.50481262
670 4.50051251
670 4.68501713
670 4.68556714
670 4.68521713
670 4.69466737
670 4.16075402
670 4.15905398
670 4.16505413
670 4.16320408
670 4.70171754
670 4.89092227
670 4.63511588
670 4.63606590
670 4.27115678
670 4.27380685
670 4.27555689
670 4.26660667
670 3.89339733
670 3.89829746
670 3.89309733
670 3.89179729
670 4.58611465
670 4.58396460
670 4.59011475
670 4.58456461
670 4.01160029
670 4.01090027
670 4.01110028
670 4.02125053
670 5.98134953
670 5.97449936
670 5.97354934
670 5.97389935
670 4.37290932
670 4.37105928
670 4.37165929
670 4.37150929
670 4.38055951
670 4.38290957
670 4.37450936
670 4.37525938
670 4.10585265
670 4.10510263
670 4.11575289
670 4.10595265
670 4.23985600
670 4.24095602
670 4.24000600
670 4.23395585
