954 6.85721794
954 6.86031800
954 6.85476790
954 6.85526791
954 5.95925250
954 5.96425259
954 5.95735247
954 5.95555244
954 6.20360670
954 6.22185702
954 6.20255668
954 6.20265669
954 4.53582802
954 4.53817806
954 4.52932790
954 4.52767788
954 6.81911729
954 6.82076732
954 6.81771726
954 6.81681725
954 4.95103516
954 4.96138534
954 4.95228518
954 4.95133516
954 7.38942710
954 7.39212714
954 7.38752707
954 7.38927710
954 6.87301822
954 6.87326822
954 6.86946815
954 6.86911815
954 7.19027367
954 7.19877382
954 7.18802363
954 7.19997384
954 5.37234240
954 5.37234240
954 5.37189240
954 5.37069238
954 6.42556052
954 6.42231046
954 6.42336048
954 6.43781073
954 6.72371565
954 6.72386565
954 6.72066560
954 6.72736571
954 7.44457805
954 7.44477805
954 7.45632825
954 7.44442804
954 7.51837932
954 7.51377924
954 7.48817880
954 7.48812880
954 7.09567205
954 7.08812192
954 7.08922193
954 7.08602188
954 7.16847330
954 7.16322321
954 7.16222319
954 7.19607377
954 7.70423251
954 7.70433251
954 7.70803258
954 7.70828258
954 7.22897434
954 7.23852450
954 7.22812432
954 7.22747431
954 5.43194343
954 5.43864354
954 5.43229344
954 5.43324345
954 7.26082489
954 7.24247457
954 7.23842450
954 7.24042454
954 5.23549005
954 5.67719765
954 5.29234103
954 5.28869097
954 7.52157937
954 7.53477960
954 7.54467977
954 7.54532978
954 6.43306065
954 6.43386066
954 6.43071061
954 6.42991059
954 7.40757741
954 7.39512720
954 7.39267715
954 7.39507720
954 7.51857932
954 7.53467960
954 7.52022935
954 7.52807948
954 7.75293335
954 7.75328336
954 7.75743343
954 7.75098332
954 4.65798012
954 4.65913014
954 4.66463023
954 4.65758011
954 7.39297716
954 7.39667722
954 7.39967727
954 7.39357717
954 4.81043274
954 4.81928289
954 4.80833270
954 4.80813270
954 7.54362975
954 7.54737981
954 7.54242973
954 7.54162972
