406 2.32345395
406 2.32350395
406 2.32345395
406 2.32500395
406 2.29350390
406 2.28925389
406 2.29125390
406 2.28990389
406 1.07975184
406 1.08055184
406 1.08040184
406 1.08045184
406 2.83310482
406 2.83595482
406 2.83365482
406 2.83300482
406 2.81795479
406 2.81460478
406 2.81380478
406 2.81455478
406 2.82220480
406 2.82305480
406 2.82275480
406 2.82830481
406 2.29965391
406 2.29660390
406 2.29485390
406 2.29585390
406 1.60630273
406 1.60695273
406 1.60790273
406 1.60695273
406 2.88855491
406 2.89000491
406 2.88925491
406 2.81160478
406 1.92165327
406 1.92110327
406 1.92210327
406 1.92150327
406 2.65455451
406 2.65285451
406 2.67265454
406 2.67910455
406 1.60325273
406 1.60310273
406 1.60305273
406 1.60385273
406 1.17470200
406 1.17480200
406 1.17535200
406 1.17605200
406 1.58170269
406 1.58245269
406 1.58165269
406 1.58320269
406 1.99060338
406 1.98580338
406 1.98450337
406 1.98430337
406 2.81030478
406 2.81020478
406 2.81020478
406 2.81180478
406 1.70880290
406 1.70775290
406 1.70400290
406 1.70475290
406 2.83290482
406 2.83365482
406 2.83275482
406 2.83515482
406 1.54445263
406 1.54435263
406 1.54445263
406 1.54905263
406 2.81505479
406 2.81395478
406 2.81430478
406 2.81470478
406 1.08055184
406 1.39425237
406 1.08130184
406 1.08075184
406 2.81025478
406 2.81005478
406 2.81085478
406 2.81655479
406 1.70465290
406 1.70430290
406 1.70480290
406 1.70330290
406 2.82610480
406 2.82485480
406 2.82370480
406 2.82565480
406 1.08060184
406 1.08440184
406 1.07975184
406 1.08085184
406 2.17030369
406 2.16510368
406 2.16455368
406 2.16590368
406 1.08000184
406 1.08025184
406 1.08075184
406 1.07985184
406 1.41345240
406 1.41410240
406 1.41540241
406 1.41830241
406 2.20080374
406 2.20130374
406 2.20065374
406 2.20090374
406 2.41955411
406 2.41705411
406 2.41705411
406 2.41760411
