1010 6.85918953
1010 6.86468980
1010 6.85853950
1010 6.86193967
1010 7.22170747
1010 7.22565767
1010 7.21850732
1010 7.21910735
1010 7.55002373
1010 7.55112378
1010 7.54542350
1010 7.55042375
1010 6.87224018
1010 6.87259019
1010 6.87279020
1010 6.87584035
1010 6.82773797
1010 6.82528785
1010 6.82733795
1010 6.82423780
1010 7.19760628
1010 7.20595669
1010 7.19845632
1010 7.20095645
1010 6.97404522
1010 6.97714537
1010 6.97279515
1010 6.97914547
1010 7.37136488
1010 7.37351499
1010 7.37021483
1010 7.37066485
1010 7.34036335
1010 7.33496308
1010 7.33386303
1010 7.31916230
1010 7.52582253
1010 7.52437246
1010 7.52867267
1010 7.52097229
1010 7.43546806
1010 7.44051831
1010 7.43896823
1010 7.43566807
1010 6.96464475
1010 6.96214463
1010 6.96924498
1010 6.96024453
1010 7.00859693
1010 7.01404720
1010 7.00894694
1010 7.01274713
1010 6.77138518
1010 6.77398531
1010 6.77773550
1010 6.77243524
1010 6.70178174
1010 6.69943162
1010 6.70448187
1010 6.69048118
1010 7.25755925
1010 7.26240949
1010 7.25745924
1010 7.25480911
1010 6.81753747
1010 6.81693744
1010 6.81428731
1010 6.81248722
1010 5.54732459
1010 5.54457446
1010 5.54632454
1010 5.53992423
1010 7.56152430
1010 7.55822413
1010 7.55667406
1010 7.55657405
1010 7.50197135
1010 7.48232037
1010 7.52502249
1010 7.63102774
1010 6.84833899
1010 6.85093912
1010 6.85418928
1010 6.84783897
1010 7.16120448
1010 7.16440464
1010 7.16395462
1010 7.16035444
1010 7.72628245
1010 7.73588293
1010 7.72523240
1010 7.73458286
1010 6.75973461
1010 6.75528439
1010 6.75663445
1010 6.75598442
1010 7.45326894
1010 7.45156885
1010 7.46421948
1010 7.45816918
1010 7.13325310
1010 7.13250306
1010 7.13640325
1010 7.13110299
1010 7.29421106
1010 7.30966183
1010 7.31591214
1010 7.27411007
1010 7.53067277
1010 7.53527300
1010 7.53042276
1010 7.53537300
1010 7.46926973
1010 7.46836968
1010 7.46721963
1010 7.47557004
1010 7.04334865
1010 7.04884892
1010 7.06569975
1010 7.06374966
