286 2.26965227
286 2.26760227
286 2.26780227
286 2.26680227
286 1.01145101
286 1.01150101
286 1.01315101
286 1.01145101
286 2.24425224
286 2.24410224
286 2.24400224
286 2.24405224
286 2.15790216
286 2.15695216
286 2.15640216
286 2.15695216
286 2.71600272
286 2.72020272
286 2.71930272
286 2.71875272
286 2.73365273
286 2.72945273
286 2.72775273
286 2.72890273
286 1.65315165
286 1.65085165
286 1.65485165
286 1.65155165
286 1.79035179
286 1.79050179
286 1.79040179
286 1.79175179
286 2.71585272
286 2.71575272
286 2.71580272
286 2.71640272
286 1.01225101
286 1.01145101
286 1.01135101
286 1.01140101
286 2.73045273
286 2.73045273
286 2.73020273
286 2.72950273
286 2.73825274
286 2.73800274
286 2.74065274
286 2.73565274
286 2.71575272
286 2.71735272
286 2.71650272
286 2.71570272
286 2.05790206
286 2.05860206
286 2.05955206
286 2.05970206
286 1.07895108
286 1.08700109
286 1.07805108
286 1.07970108
286 2.06430206
286 2.05915206
286 2.05780206
286 2.05760206
286 2.71590272
286 2.71765272
286 2.72130272
286 2.71655272
286 2.73090273
286 2.73035273
286 2.73075273
286 2.73080273
286 1.01505102
286 1.01505102
286 1.01500102
286 1.01495101
286 2.73240273
286 2.73130273
286 2.72995273
286 2.72835273
286 1.71170171
286 1.95255195
286 1.70405170
286 1.70250170
286 2.71570272
286 2.71585272
286 2.71745272
286 2.72105272
286 2.72975273
286 2.72865273
286 2.73190273
286 2.72940273
286 1.67755168
286 1.67840168
286 1.67820168
286 1.67815168
286 2.07890208
286 2.07315207
286 2.07080207
286 2.07250207
286 2.71580272
286 2.71605272
286 2.71640272
286 2.71645272
286 1.01525102
286 1.01530102
286 1.01305101
286 1.01145101
286 2.74800275
286 2.74920275
286 2.75570276
286 2.74815275
286 2.72820273
286 2.72770273
286 2.74785275
286 2.72835273
286 2.71740272
286 2.71585272
286 2.71565272
286 2.71570272
