618 4.92281990
618 4.72451709
618 4.75331750
618 4.86466908
618 4.24146023
618 4.27791075
618 4.27831075
618 4.31216123
618 4.68861658
618 4.67136633
618 4.62891573
618 4.69246663
618 4.39051235
618 4.48166364
618 4.51671414
618 4.48756372
618 4.69096661
618 4.76916772
618 4.86381907
618 4.80671826
618 7.56090736
618 7.68180908
618 7.59970792
618 7.72090964
618 4.01710704
618 4.01415700
618 3.93105582
618 3.91625561
618 3.83590447
618 3.87005495
618 3.86100483
618 3.86210484
618 4.75446751
618 4.64366594
618 4.61141548
618 4.61646555
618 7.30955380
618 7.31985394
618 7.31445387
618 7.31390386
618 3.59360103
618 3.59345103
618 3.69570248
618 3.61740137
618 4.34766174
618 4.35416183
618 4.40376253
618 4.42626285
618 7.73655986
618 7.81776101
618 7.71705958
618 7.78086049
618 4.30736116
618 4.24351026
618 4.19220953
618 4.20715974
618 7.69650929
618 7.68935919
618 7.70210937
618 7.79761073
618 7.32225398
618 7.29825364
618 7.34205426
618 7.31735391
618 4.73446723
618 4.64051590
618 4.61181549
618 4.59671527
618 7.44505572
618 7.57515757
618 7.40900521
618 7.39635503
618 3.78775379
618 3.80690406
618 3.81565418
618 3.79265386
618 6.56859327
618 6.51379250
618 6.56074316
618 6.49519223
618 4.17050922
618 4.28786089
618 4.16520915
618 4.16815919
618 3.91025553
618 3.91865564
618 3.92100568
618 3.91065553
618 3.83050439
618 3.82955438
618 3.83060439
618 3.85440473
618 7.00539948
618 7.00594948
618 7.01134956
618 7.00934953
618 3.76175342
618 3.76355344
618 3.76330344
618 3.76195342
618 6.52674268
618 6.52144260
618 6.52234262
618 6.52114260
618 3.91945566
618 3.91820564
618 3.91790563
618 3.91875565
618 4.57231493
618 4.57201492
618 4.56571483
618 4.56476482
618 4.33881161
618 4.33651158
618 4.34306167
618 4.33701159
618 4.56486482
618 4.56716485
618 4.56506482
618 4.57661499
