982 7.00330590
982 6.99765573
982 7.00195586
982 6.99970579
982 6.95925460
982 6.96115466
982 6.95855458
982 6.96345473
982 7.24746308
982 7.25331325
982 7.25876341
982 7.27156378
982 5.28675543
982 5.26080467
982 5.26430477
982 5.26145469
982 7.54722189
982 7.54582185
982 7.54942195
982 7.54397179
982 5.95492507
982 5.96277531
982 5.95452506
982 5.95502508
982 6.76974903
982 6.77429916
982 6.76874900
982 6.76934902
982 7.41246793
982 7.41601803
982 7.41931813
982 7.40951784
982 5.80127056
982 5.80272060
982 5.80612070
982 5.80102055
982 5.54271296
982 5.54201294
982 5.53386270
982 5.51571216
982 6.72484771
982 6.72214763
982 6.71469741
982 6.76729896
982 7.16876076
982 7.16711071
982 7.09385856
982 7.09780868
982 7.14451005
982 7.14271000
982 7.16371061
982 7.14291000
982 7.35766632
982 7.35081611
982 7.34791603
982 7.34416592
982 6.74219822
982 6.78569950
982 6.76954902
982 6.71014728
982 7.47631980
982 7.47896988
982 7.47136966
982 7.48021992
982 7.54797191
982 7.56987255
982 7.56902253
982 7.56652246
982 7.26951372
982 7.31531507
982 7.23656275
982 7.23621274
982 6.64349532
982 6.58424358
982 6.57959344
982 6.58664365
982 7.66152525
982 7.67752572
982 7.70877664
982 7.66317530
982 7.28791426
982 7.07555802
982 7.04540713
982 7.05160732
982 7.19401150
982 7.19631157
982 7.20311177
982 7.19531154
982 7.12385944
982 7.12315942
982 7.11635922
982 7.09515860
982 6.85855164
982 6.87270206
982 6.85725160
982 6.85980168
982 6.89915284
982 6.90610304
982 6.89945284
982 6.89760279
982 6.91400327
982 6.90710307
982 6.90865311
982 6.91325325
982 6.67959638
982 6.68144643
982 6.68614657
982 6.69394680
982 7.10605892
982 7.10760896
982 7.11025904
982 7.10670894
982 6.86725190
982 6.86820193
982 6.85460153
982 6.84775132
982 7.34026580
982 7.34511595
982 7.33776573
982 7.33866576
