858 7.73305773
858 7.73125773
858 7.73265773
858 7.72580773
858 5.74010574
858 5.73835574
858 5.74150574
858 5.74125574
858 7.41645742
858 7.42270742
858 7.41755742
858 7.42475742
858 7.20250720
858 7.18265718
858 7.18260718
858 7.18315718
858 4.64180464
858 4.63935464
858 4.63650464
858 4.63540464
858 4.48020448
858 4.48835449
858 4.48125448
858 4.48525449
858 7.18805719
858 7.19930720
858 7.19040719
858 7.18685719
858 4.57300457
858 4.57820458
858 4.57225457
858 4.57265457
858 7.20690721
858 7.22235722
858 7.21525722
858 7.21570722
858 4.56840457
858 4.57910458
858 4.56865457
858 4.56840457
858 7.11000711
858 7.12260712
858 7.11020711
858 7.11620712
858 7.39305739
858 7.38870739
858 7.38915739
858 7.38930739
858 7.03010703
858 7.02810703
858 7.03210703
858 7.03085703
858 6.27430627
858 6.27630628
858 6.27395627
858 6.27575628
858 7.31455731
858 7.31815732
858 7.31935732
858 7.31455731
858 7.48565749
858 7.49340749
858 7.48630749
858 7.50350750
858 7.18925719
858 7.19315719
858 7.19145719
858 7.18940719
858 6.94585695
858 6.94000694
858 6.94310694
858 6.94800695
858 5.57965558
858 5.58605559
858 5.57920558
858 5.58225558
858 7.19510720
858 7.20425720
858 7.19555720
858 7.20365720
858 4.63820464
858 4.80385480
858 4.64615465
858 4.65310465
858 7.20585721
858 7.20245720
858 7.20135720
858 7.20560721
858 4.64935465
858 4.65975466
858 4.64880465
858 4.65260465
858 7.46320746
858 7.31025731
858 7.30910731
858 7.31805732
858 7.47180747
858 7.47295747
858 7.47705748
858 7.47445747
858 4.40790441
858 4.40870441
858 4.41690442
858 4.40830441
858 4.46035446
858 4.45975446
858 4.46050446
858 4.46530447
858 4.30135430
858 4.28970429
858 4.29505430
858 4.30140430
858 4.79060479
858 4.78360478
858 4.78280478
858 4.78320478
858 4.52715453
858 4.53290453
858 4.52690453
858 4.53170453
