42 0.52780053
42 0.52905053
42 0.52780053
42 0.52810053
42 0.52635053
42 0.52740053
42 0.52655053
42 0.52580053
42 0.52780053
42 0.53380053
42 0.52740053
42 0.52875053
42 0.52365052
42 0.52370052
42 0.52370052
42 0.52385052
42 0.52585053
42 0.52670053
42 0.52585053
42 0.52575053
42 0.52795053
42 0.52810053
42 0.52735053
42 0.52895053
42 0.52955053
42 0.52965053
42 0.52865053
42 0.53015053
42 0.52375052
42 0.52540053
42 0.52300052
42 0.52365052
42 0.53055053
42 0.52960053
42 0.53030053
42 0.53125053
42 0.52660053
42 0.52595053
42 0.52665053
42 0.52660053
42 0.52370052
42 0.52370052
42 0.52440052
42 0.52360052
42 0.52755053
42 0.52670053
42 0.52585053
42 0.52665053
42 0.52590053
42 0.52665053
42 0.52510053
42 0.52650053
42 0.52820053
42 0.52740053
42 0.52890053
42 0.52740053
42 0.52400052
42 0.52370052
42 0.52410052
42 0.52385052
42 0.52830053
42 0.52825053
42 0.52910053
42 0.52745053
42 0.53120053
42 0.52810053
42 0.52740053
42 0.52875053
42 0.52525053
42 0.52670053
42 0.52455052
42 0.52810053
42 0.52375052
42 0.52385052
42 0.52395052
42 0.52360052
42 0.52905053
42 0.52755053
42 0.52820053
42 0.52765053
42 0.52815053
42 0.63780064
42 0.52660053
42 0.52690053
42 0.52375052
42 0.52480052
42 0.52375052
42 0.52365052
42 0.52600053
42 0.53010053
42 0.52580053
42 0.52540053
42 0.52815053
42 0.52810053
42 0.52725053
42 0.52875053
42 0.52720053
42 0.52815053
42 0.52830053
42 0.52730053
42 0.52385052
42 0.52385052
42 0.52370052
42 0.52300052
42 0.52680053
42 0.52525053
42 0.52575053
42 0.52540053
42 0.52820053
42 0.53035053
42 0.52665053
42 0.52890053
42 0.52670053
42 0.52745053
42 0.52745053
42 0.52585053
42 0.52385052
42 0.52370052
42 0.52390052
42 0.52355052
