958 7.14053277
958 7.13828268
958 7.13613259
958 7.14003275
958 5.07520098
958 5.07600101
958 5.07520098
958 5.08310129
958 5.29985987
958 5.29745978
958 5.29640974
958 5.29520969
958 7.16053356
958 7.14938312
958 7.14948312
958 7.14798306
958 7.65375309
958 7.64595278
958 7.65175301
958 7.65300306
958 5.70867606
958 5.71187619
958 5.71012612
958 5.71817644
958 6.42215432
958 6.42340437
958 6.46040583
958 6.44660529
958 6.88727274
958 6.88512265
958 6.89032286
958 6.88657271
958 7.33149033
958 7.34764097
958 7.33149033
958 7.33289038
958 6.73851685
958 6.73481670
958 6.73536672
958 6.73656677
958 7.35329119
958 7.34889102
958 7.35064109
958 7.35304118
958 7.53754849
958 7.53994858
958 7.52329792
958 7.51174747
958 7.25368725
958 7.25358724
958 7.25653736
958 7.25343724
958 5.80988007
958 5.81253018
958 5.80878003
958 5.80833001
958 6.02778870
958 6.03823911
958 6.02823872
958 6.02763869
958 7.57249987
958 7.57359991
958 7.57269988
958 7.56949975
958 7.17613417
958 7.16808386
958 7.16748383
958 7.17923430
958 5.30441005
958 5.29695976
958 5.29780979
958 5.29525969
958 7.36989185
958 7.36934183
958 7.37454203
958 7.37329198
958 5.16130439
958 5.17055475
958 5.16040435
958 5.16785465
958 7.18703461
958 7.84341060
958 7.39659291
958 7.39984303
958 7.55139904
958 7.54459877
958 7.54619883
958 7.55424915
958 7.18908469
958 7.19138478
958 7.19378487
958 7.19298484
958 6.96787593
958 6.99647706
958 6.94857516
958 6.94712511
958 7.49659687
958 7.49114665
958 7.48539642
958 7.48614645
958 7.14128279
958 7.13598258
958 7.12938232
958 7.11178163
958 7.12058198
958 7.11908192
958 7.12528216
958 7.12663221
958 7.05162924
958 7.05417935
958 7.05692945
958 7.05287929
958 6.98217649
958 6.99297692
958 6.98192648
958 6.98117645
958 7.11403172
958 7.11433173
958 7.11078159
958 7.11103160
