774 7.15926979
774 7.16551998
774 7.13956918
774 7.13781913
774 7.17922040
774 7.17347023
774 7.17587030
774 7.17897039
774 4.35928383
774 4.34368335
774 4.34643344
774 4.34433337
774 4.33158298
774 4.32623282
774 4.32628282
774 4.33488308
774 4.29633190
774 4.29398183
774 4.31593250
774 4.29813195
774 7.58108274
774 7.58178276
774 7.58458285
774 7.58288279
774 4.16067773
774 4.16287780
774 4.16317781
774 4.15997771
774 4.24873044
774 4.24733039
774 4.24578035
774 4.24488032
774 4.38983477
774 4.37738439
774 4.40463522
774 4.40038509
774 4.26233085
774 4.27498124
774 4.26293087
774 4.25958077
774 4.38468461
774 4.39113481
774 4.42118573
774 4.38678467
774 7.09411779
774 7.09836792
774 7.10316807
774 7.09816791
774 7.32682493
774 7.32762496
774 7.29537397
774 7.29882407
774 4.40208514
774 4.40313518
774 4.40808533
774 4.39998508
774 4.19562881
774 4.21567942
774 4.21422938
774 4.20537911
774 7.03561599
774 7.01556538
774 7.02656572
774 7.02256559
774 6.64970415
774 6.65315425
774 6.62275332
774 6.61720315
774 7.55798203
774 7.57878267
774 7.58508286
774 7.56033210
774 6.95606355
774 6.95296346
774 6.94786330
774 6.94901333
774 5.06180540
774 5.04390485
774 5.03680463
774 5.03090445
774 7.27512335
774 7.58293280
774 7.36782619
774 7.37067628
774 7.18807067
774 7.18717065
774 7.18487058
774 7.19077076
774 4.43998631
774 4.43603619
774 4.43458614
774 4.43718622
774 4.39258485
774 4.38943476
774 4.38648467
774 4.38178452
774 4.32933291
774 4.33038294
774 4.33543310
774 4.32918291
774 4.11122621
774 4.11032619
774 4.09942585
774 4.09842582
774 7.02906579
774 7.02171557
774 7.02346562
774 7.02496567
774 4.34298333
774 4.36528401
774 4.34248331
774 4.34218331
774 4.41178544
774 4.40783532
774 4.40483523
774 4.40423521
774 6.40964678
774 6.41704700
774 6.41024679
774 6.41304688
