378 2.81605282
378 2.81515282
378 2.81555282
378 2.81530282
378 2.58185258
378 2.57875258
378 2.57785258
378 2.57870258
378 1.73340173
378 1.73425173
378 1.73475173
378 1.73330173
378 2.79260279
378 2.79855280
378 2.79250279
378 2.79510280
378 2.81510282
378 2.81675282
378 2.81585282
378 2.81855282
378 1.07925108
378 1.07815108
378 1.08680109
378 1.08035108
378 2.38660239
378 2.38720239
378 2.38645239
378 2.38670239
378 2.41410241
378 2.41585242
378 2.41420241
378 2.41415241
378 2.61415261
378 2.60720261
378 2.58920259
378 2.58705259
378 2.59630260
378 2.59620260
378 2.59535260
378 2.59715260
378 2.80880281
378 2.79570280
378 2.79605280
378 2.80065280
378 1.52285152
378 1.52220152
378 1.52345152
378 1.52200152
378 2.80675281
378 2.80730281
378 2.81125281
378 2.80720281
378 1.08215108
378 1.08285108
378 1.08125108
378 1.08275108
378 2.79305279
378 2.79295279
378 2.79295279
378 2.79370279
378 1.08615109
378 1.08085108
378 1.07825108
378 1.07905108
378 2.80505281
378 2.80605281
378 2.80495280
378 2.80530281
378 2.81365281
378 2.81335281
378 2.81885282
378 2.81400281
378 2.40425240
378 2.40510241
378 2.40435240
378 2.40515241
378 2.22455222
378 2.22580223
378 2.22515223
378 2.24020224
378 2.14345214
378 2.34715235
378 2.14230214
378 2.14275214
378 2.79445279
378 2.79705280
378 2.79255279
378 2.79365279
378 2.21530222
378 2.21455221
378 2.21595222
378 2.21430221
378 2.81775282
378 2.82405282
378 2.81555282
378 2.82420282
378 1.81560182
378 1.81605182
378 1.81695182
378 1.81615182
378 2.34375234
378 2.34480234
378 2.34390234
378 2.34920235
378 2.80535281
378 2.80550281
378 2.80525281
378 2.80785281
378 1.89655190
378 1.89695190
378 1.89800190
378 1.89715190
378 1.08380108
378 1.07840108
378 1.07995108
378 1.07850108
378 2.79695280
378 2.79290279
378 2.79480279
378 2.79350279
