914 5.46890946
914 5.46285923
914 5.46035913
914 5.46220920
914 7.55203924
914 7.56313967
914 7.55498936
914 7.54663904
914 7.54253888
914 7.55073919
914 7.55733945
914 7.54578900
914 7.24937765
914 7.26712833
914 7.26197813
914 7.25172774
914 7.32603059
914 7.31808028
914 7.28957919
914 7.28577905
914 5.28125227
914 5.28125227
914 5.27695211
914 5.27620208
914 5.25880141
914 5.25780137
914 5.25275118
914 5.25465125
914 7.01126853
914 7.04166970
914 7.01486867
914 7.01796879
914 4.95063961
914 4.94788950
914 4.96669022
914 4.93393897
914 4.95318971
914 4.95498978
914 4.94218929
914 4.94788950
914 6.81501101
914 6.81926118
914 6.80306056
914 6.81286093
914 7.33598097
914 7.31238006
914 7.30267969
914 7.30162965
914 7.70159497
914 7.72149573
914 7.70879525
914 7.71649554
914 7.08212125
914 7.07977116
914 7.09812186
914 7.11637256
914 6.87816343
914 6.88021351
914 6.87236321
914 6.85961272
914 4.55022427
914 4.55757456
914 4.53167356
914 4.53992388
914 4.42506948
914 4.42006929
914 4.42341942
914 4.43796997
914 7.25007768
914 7.24077732
914 7.23587713
914 7.23972728
914 6.44269676
914 6.43934663
914 6.44814696
914 6.43839659
914 7.30072962
914 7.29217929
914 7.28942919
914 7.28887916
914 7.05987039
914 7.31428014
914 7.05087005
914 7.05127006
914 7.09522175
914 7.11512251
914 7.11057233
914 7.11322244
914 7.31078000
914 7.30887993
914 7.30627983
914 7.31513017
914 5.31415353
914 5.31335350
914 5.31455355
914 5.32565397
914 7.54138884
914 7.54063881
914 7.54523898
914 7.54433895
914 6.94331593
914 6.94646605
914 6.94711607
914 6.94446597
914 6.81786112
914 6.82916156
914 6.81841115
914 6.81766112
914 5.94017751
914 5.94232759
914 5.94307762
914 5.93667737
914 7.39688330
914 7.39178311
914 7.38928301
914 7.39018304
914 5.17994839
914 5.17594824
914 5.17549822
914 5.17479819
