358 1.69182792
358 1.69217792
358 1.69052789
358 1.69307794
358 2.79394610
358 2.78274592
358 2.78374593
358 2.78379593
358 2.79769616
358 2.79779616
358 2.79829617
358 2.79854618
358 1.08066783
358 1.07671777
358 1.07506774
358 1.07681777
358 2.53639185
358 2.53529183
358 2.53604184
358 2.53704186
358 1.06721761
358 1.06736761
358 1.06706761
358 1.06741761
358 2.57264245
358 2.56939239
358 2.56614234
358 2.56629234
358 1.97133253
358 1.98683278
358 1.97053251
358 1.97048251
358 1.72092840
358 1.71802835
358 1.72057839
358 1.72457846
358 1.06751761
358 1.06716761
358 1.06711761
358 1.06791762
358 2.26723741
358 2.26773742
358 2.27768758
358 2.26773742
358 1.07236769
358 1.07166768
358 1.07151768
358 1.07216769
358 1.07536774
358 1.06716761
358 1.06701761
358 1.06711761
358 1.99138286
358 1.98998283
358 1.99148286
358 1.99048284
358 1.45142395
358 1.45192396
358 1.45457400
358 1.45122395
358 1.72087839
358 1.72462846
358 1.72107840
358 1.71992838
358 1.06716761
358 1.06721761
358 1.06711761
358 1.06711761
358 1.63332695
358 1.63522698
358 1.63462697
358 1.63357695
358 1.64407713
358 1.64267710
358 1.64397713
358 1.65342728
358 1.12576858
358 1.12646859
358 1.12741860
358 1.12646859
358 2.79759616
358 2.92669829
358 2.79694615
358 2.79739616
358 2.54394198
358 2.54389197
358 2.54449198
358 2.54539200
358 2.31953827
358 2.31883826
358 2.32388834
358 2.32083829
358 1.99168286
358 1.99063285
358 1.99088285
358 1.99048284
358 2.79634614
358 2.80114622
358 2.79529612
358 2.79624614
358 2.53339180
358 2.53469182
358 2.53274179
358 2.53424181
358 2.80774633
358 2.80854634
358 2.79719615
358 2.79799617
358 2.80574629
358 2.80694631
358 2.80554629
358 2.80534629
358 2.81669648
358 2.82019653
358 2.81574646
358 2.81599646
358 1.06721761
358 1.06741761
358 1.06711761
358 1.06861763
