294 2.75260853
294 2.75235853
294 2.75070853
294 2.75065853
294 1.13945353
294 1.14065354
294 1.13910353
294 1.13915353
294 1.40755436
294 1.40770436
294 1.40765436
294 1.40770436
294 2.16325671
294 2.17420674
294 2.17120673
294 2.17955676
294 2.74340850
294 2.74710852
294 2.74385851
294 2.74485851
294 1.40020434
294 1.40175435
294 1.40020434
294 1.40475435
294 2.74370851
294 2.74225850
294 2.74440851
294 2.74455851
294 1.91730594
294 1.91825595
294 1.91810595
294 1.91740594
294 2.76585857
294 2.75740855
294 2.76615858
294 2.75815855
294 2.03840632
294 2.03745632
294 2.03765632
294 2.03745632
294 2.74345850
294 2.74810852
294 2.74165850
294 2.74410851
294 2.76595857
294 2.76645858
294 2.76605857
294 2.76570857
294 2.73045846
294 2.73515848
294 2.73435848
294 2.73250847
294 2.02215627
294 2.02230627
294 2.02205627
294 2.02125627
294 2.75285853
294 2.75520854
294 2.75390854
294 2.75320853
294 2.08850647
294 2.08845647
294 2.08925648
294 2.08855647
294 1.00820313
294 1.00820313
294 1.00815313
294 1.00805312
294 2.44755759
294 2.45325761
294 2.44880759
294 2.45340761
294 2.74250850
294 2.74250850
294 2.74235850
294 2.75555854
294 2.71370841
294 2.71590842
294 2.71435841
294 2.71105840
294 2.76235856
294 2.83710880
294 2.75460854
294 2.75325854
294 1.00820313
294 1.01425314
294 1.00810313
294 1.00805312
294 2.00325621
294 2.00245621
294 2.00240621
294 2.01945626
294 2.75230853
294 2.74745852
294 2.74250850
294 2.74190850
294 2.76120856
294 2.75545854
294 2.74185850
294 2.74275850
294 2.06520640
294 2.06920641
294 2.06335640
294 2.06445640
294 1.01265314
294 1.01630315
294 1.01265314
294 1.01260314
294 2.24970697
294 2.25050698
294 2.24875697
294 2.24975697
294 2.76390857
294 2.75755855
294 2.75550854
294 2.75665855
294 2.05055636
294 2.05055636
294 2.05530637
294 2.05040636
