50 0.55685000
50 0.55605000
50 0.55535000
50 0.55675000
50 0.55690000
50 0.55630000
50 0.55665000
50 0.55605000
50 0.55550000
50 0.55730000
50 0.55360000
50 0.55945000
50 0.55610000
50 0.55495000
50 0.55175000
50 0.55330000
50 0.55650000
50 0.55615000
50 0.55600000
50 0.55585000
50 0.55375000
50 0.55440000
50 0.55370000
50 0.55470000
50 0.55160000
50 0.55145000
50 0.55155000
50 0.55160000
50 0.55480000
50 0.55455000
50 0.55370000
50 0.55435000
50 0.55500000
50 0.55580000
50 0.55585000
50 0.55660000
50 0.55580000
50 0.55595000
50 0.55445000
50 0.55630000
50 0.55545000
50 0.55615000
50 0.55685000
50 0.55600000
50 0.55505000
50 0.55685000
50 0.55765000
50 0.56435000
50 0.55555000
50 0.55520000
50 0.55445000
50 0.55465000
50 0.55135000
50 0.55140000
50 0.55165000
50 0.55145000
50 0.55600000
50 0.55640000
50 0.55685000
50 0.55525000
50 0.55700000
50 0.55620000
50 0.55645000
50 0.55525000
50 0.55375000
50 0.55475000
50 0.55915000
50 0.55425000
50 0.55175000
50 0.55175000
50 0.55155000
50 0.55150000
50 0.55775000
50 0.55830000
50 0.55500000
50 0.55600000
50 0.55695000
50 0.55600000
50 0.55665000
50 0.55545000
50 0.55425000
50 0.84330000
50 0.55595000
50 0.55450000
50 0.55150000
50 0.55150000
50 0.55160000
50 0.55165000
50 0.55595000
50 0.55680000
50 0.55535000
50 0.55665000
50 0.55405000
50 0.55485000
50 0.55450000
50 0.55450000
50 0.55535000
50 0.55685000
50 0.55620000
50 0.55755000
50 0.55175000
50 0.55170000
50 0.55160000
50 0.55150000
50 0.55445000
50 0.55460000
50 0.55365000
50 0.55450000
50 0.55520000
50 0.55600000
50 0.55610000
50 0.55670000
50 0.55650000
50 0.55625000
50 0.55580000
50 0.55510000
50 0.55155000
50 0.55170000
50 0.55165000
50 0.55130000
