962 6.77035677
962 6.76970677
962 6.77470677
962 6.77470677
962 5.38610539
962 5.38790539
962 5.38640539
962 5.39150539
962 7.54445754
962 7.55000755
962 7.56820757
962 7.57405757
962 7.16525717
962 7.17390717
962 7.16490716
962 7.16255716
962 6.85705686
962 6.85350685
962 6.84995685
962 6.84940685
962 5.00555501
962 5.00020500
962 5.00090500
962 5.00075500
962 7.57780758
962 7.56615757
962 7.56450756
962 7.56360756
962 7.24245724
962 7.23735724
962 7.24145724
962 7.24070724
962 6.73490673
962 6.73970674
962 6.73355673
962 6.73870674
962 7.58265758
962 7.58995759
962 7.58880759
962 7.58500759
962 7.01960702
962 7.02460702
962 7.02015702
962 7.01965702
962 7.13480713
962 7.11005711
962 7.10570711
962 7.10475710
962 7.00195700
962 6.99405699
962 7.00070700
962 6.99850700
962 5.68630569
962 5.68745569
962 5.68615569
962 5.69210569
962 7.12100712
962 7.11970712
962 7.24835725
962 7.11705712
962 5.35505536
962 5.36180536
962 5.35495535
962 5.35945536
962 5.41980542
962 5.41975542
962 5.42470542
962 5.42420542
962 7.62515763
962 7.62875763
962 7.62545763
962 7.62385762
962 7.32670733
962 7.33555734
962 7.32760733
962 7.32745733
962 7.22780723
962 7.20885721
962 7.20275720
962 7.20740721
962 7.08100708
962 7.06490706
962 7.06650707
962 7.06925707
962 7.05120705
962 7.05050705
962 7.05160705
962 7.06095706
962 7.20125720
962 7.20075720
962 7.20380720
962 7.19985720
962 7.27075727
962 7.28755729
962 7.27670728
962 7.27655728
962 7.04310704
962 7.04840705
962 7.04135704
962 7.04250704
962 7.11500712
962 7.09940710
962 7.10085710
962 7.10385710
962 7.30440730
962 7.30380730
962 7.30865731
962 7.30910731
962 7.49520750
962 7.49745750
962 7.50060750
962 7.49390749
962 6.81290681
962 6.82200682
962 6.81305681
962 6.81065681
962 7.21070721
962 7.22325722
962 7.20905721
962 7.20815721
