86 2.01100121
86 2.01130121
86 2.01105121
86 2.01215121
86 0.75220045
86 0.78010047
86 0.76755046
86 0.75220045
86 2.00500120
86 2.00415120
86 2.00545120
86 2.01355121
86 1.99780120
86 1.99780120
86 1.99805120
86 1.99790120
86 2.00375120
86 2.00450120
86 2.00365120
86 2.00375120
86 1.98930119
86 1.99245120
86 1.98760119
86 1.98780119
86 2.00185120
86 1.99825120
86 1.99865120
86 1.99850120
86 2.01365121
86 2.00435120
86 2.00455120
86 2.01800121
86 2.07400124
86 2.00475120
86 2.00455120
86 2.00380120
86 1.58905095
86 1.58675095
86 1.58655095
86 1.58740095
86 1.99810120
86 1.99790120
86 1.99930120
86 2.00255120
86 1.99670120
86 1.99665120
86 1.99655120
86 1.99650120
86 1.98890119
86 1.98875119
86 1.99180120
86 1.98855119
86 2.01125121
86 2.00370120
86 1.99810120
86 1.99820120
86 0.75845046
86 0.75890046
86 0.75775045
86 0.75815045
86 1.99965120
86 1.99815120
86 1.99860120
86 2.05725123
86 0.75230045
86 0.75185045
86 0.75215045
86 0.75345045
86 2.00020120
86 1.99775120
86 1.99675120
86 1.99670120
86 2.00410120
86 2.00385120
86 2.00380120
86 2.00445120
86 1.99775120
86 1.99660120
86 1.99815120
86 1.99960120
86 1.98780119
86 2.10340126
86 1.99795120
86 1.99810120
86 1.99250120
86 1.98730119
86 1.98780119
86 1.98995119
86 2.00290120
86 1.99815120
86 1.99905120
86 1.99785120
86 2.00535120
86 2.00350120
86 2.00355120
86 2.00390120
86 1.99810120
86 1.99955120
86 1.99785120
86 2.00170120
86 1.99750120
86 1.99650120
86 1.99670120
86 1.99625120
86 1.98765119
86 1.99225120
86 1.98760119
86 1.98730119
86 2.00585120
86 2.00845121
86 2.00545120
86 2.00630120
86 1.99800120
86 1.99945120
86 1.99815120
86 1.99765120
86 0.75780045
86 0.75795045
86 0.75850046
86 0.75800045
