634 4.01379432
634 4.02044448
634 4.02094449
634 4.01694440
634 3.93169239
634 3.93364244
634 3.93394245
634 3.93939258
634 4.18954845
634 4.18999846
634 4.18914844
634 4.18929845
634 4.62780875
634 4.62205862
634 4.61075835
634 4.60950832
634 3.99964399
634 4.00119403
634 4.00339408
634 4.00014400
634 4.39335324
634 4.39200321
634 4.39270323
634 4.39350325
634 3.78893904
634 3.78423893
634 3.78563896
634 3.78148886
634 5.65343286
634 5.65973300
634 5.65278284
634 5.65543290
634 4.24064966
634 4.24754982
634 4.24529976
634 4.24299971
634 4.11659674
634 4.11709675
634 4.11874679
634 4.12264688
634 7.46167535
634 7.45972530
634 7.44042485
634 7.44002484
634 5.90428875
634 5.90448876
634 5.90923887
634 5.90478876
634 4.01189428
634 4.00489412
634 3.99944399
634 4.01654439
634 7.48042579
634 7.50682641
634 7.48882599
634 7.47957577
634 4.07994588
634 4.08144591
634 4.08104590
634 4.08424598
634 4.18699839
634 4.18759841
634 4.18709840
634 4.18599837
634 4.55585706
634 4.52465633
634 4.52635637
634 4.52385631
634 4.14739746
634 4.14859749
634 4.15724770
634 4.14954751
634 4.04519506
634 4.09439622
634 4.06309548
634 4.06204546
634 7.28847128
634 7.27877105
634 7.28782126
634 7.30607169
634 5.23867311
634 5.24102316
634 5.26302368
634 5.24477325
634 4.68401007
634 4.66755969
634 4.66895972
634 4.66945973
634 3.85319055
634 3.85829067
634 3.84544037
634 3.83969023
634 4.13329713
634 4.13289712
634 4.13549718
634 4.13424715
634 4.04684510
634 4.04819513
634 4.04979517
634 4.04869514
634 4.25224993
634 4.24999987
634 4.25555001
634 4.25164991
634 4.62875878
634 4.63880901
634 4.62885878
634 4.64570917
634 3.99559390
634 3.99359385
634 3.99134380
634 3.99204381
634 4.56660732
634 4.56810735
634 4.56700732
634 4.57150743
634 4.00284407
634 3.99729394
634 3.99709393
634 3.99954399
