26 0.41570042
26 0.41240041
26 0.41260041
26 0.41165041
26 0.41325041
26 0.41080041
26 0.42925043
26 0.42415042
26 0.41215041
26 0.41255041
26 0.41270041
26 0.41160041
26 0.40850041
26 0.40885041
26 0.40880041
26 0.40870041
26 0.42915043
26 0.42045042
26 0.41635042
26 0.41450041
26 0.41175041
26 0.41170041
26 0.41155041
26 0.41240041
26 0.41195041
26 0.41200041
26 0.41175041
26 0.41235041
26 0.40885041
26 0.40915041
26 0.40870041
26 0.40845041
26 0.41160041
26 0.41135041
26 0.41095041
26 0.41050041
26 0.40950041
26 0.41070041
26 0.40980041
26 0.41090041
26 0.40885041
26 0.40880041
26 0.41330041
26 0.40875041
26 0.41030041
26 0.41035041
26 0.41105041
26 0.41485041
26 0.41185041
26 0.41110041
26 0.41145041
26 0.41095041
26 0.41075041
26 0.41155041
26 0.41095041
26 0.41170041
26 0.40845041
26 0.40855041
26 0.40835041
26 0.40845041
26 0.41650042
26 0.41370041
26 0.41210041
26 0.41100041
26 0.41105041
26 0.41040041
26 0.41250041
26 0.41105041
26 0.41215041
26 0.41150041
26 0.41315041
26 0.41940042
26 0.40925041
26 0.40855041
26 0.40875041
26 0.40835041
26 0.41120041
26 0.41355041
26 0.41515042
26 0.41255041
26 0.40880041
26 0.53585054
26 0.41045041
26 0.41095041
26 0.40890041
26 0.40880041
26 0.40875041
26 0.41165041
26 0.41065041
26 0.41035041
26 0.41095041
26 0.41030041
26 0.41030041
26 0.41080041
26 0.41100041
26 0.41100041
26 0.41170041
26 0.41185041
26 0.41145041
26 0.41335041
26 0.40890041
26 0.40895041
26 0.40965041
26 0.40825041
26 0.41030041
26 0.41035041
26 0.41145041
26 0.41135041
26 0.41100041
26 0.41025041
26 0.41025041
26 0.41105041
26 0.41255041
26 0.41115041
26 0.41215041
26 0.41160041
26 0.40880041
26 0.40955041
26 0.40865041
26 0.41340041
