926 6.66108393
926 6.66568399
926 6.65088380
926 6.63333358
926 7.15314013
926 7.15179011
926 7.14744006
926 7.14849007
926 7.43164364
926 7.42889360
926 7.42714358
926 7.43779372
926 7.59694572
926 7.59634571
926 7.59954575
926 7.59374568
926 7.22304101
926 7.23269113
926 7.22934109
926 7.22314101
926 7.35049262
926 7.33809246
926 7.33879247
926 7.33774246
926 4.94176227
926 4.93456218
926 4.93331216
926 4.93241215
926 6.37978039
926 6.37653034
926 6.37573033
926 6.37568033
926 6.84188621
926 6.82623601
926 6.82478599
926 6.82508600
926 7.13188986
926 7.13308988
926 7.13563991
926 7.15164011
926 7.32259226
926 7.32114225
926 7.32614231
926 7.32079224
926 7.15169011
926 7.15524016
926 7.15759019
926 7.15129011
926 6.74768502
926 6.75183507
926 6.74688501
926 6.74613500
926 7.61234592
926 7.60204579
926 7.60549583
926 7.60904587
926 7.05783893
926 7.04008871
926 7.04058871
926 7.04688879
926 4.99176290
926 4.99091289
926 4.98996287
926 4.99226290
926 6.82618601
926 6.82783603
926 6.82618601
926 6.81903592
926 7.16439027
926 7.25804145
926 7.24309126
926 7.16784031
926 7.10948958
926 7.12023972
926 7.11338963
926 7.11103960
926 6.72023467
926 6.72423473
926 6.71998467
926 6.71868466
926 6.74118494
926 7.02738855
926 6.76898529
926 6.76973530
926 4.59015784
926 4.59740793
926 4.59575791
926 4.58905782
926 4.60215799
926 4.60285800
926 4.60815806
926 4.60055797
926 6.00047561
926 6.00147562
926 6.01212575
926 6.00202563
926 4.77521017
926 4.77881021
926 4.77546017
926 4.78261026
926 5.36471760
926 5.36406759
926 5.36456759
926 5.38116780
926 7.41554344
926 7.41464342
926 7.42404354
926 7.41559344
926 7.44349379
926 7.45004387
926 7.44994387
926 7.44334379
926 7.37164288
926 7.37284290
926 7.36894285
926 7.36854284
926 7.30574205
926 7.29404190
926 7.29564193
926 7.29864196
