226 2.58706682
226 2.58801682
226 2.58701682
226 2.58926683
226 2.59926690
226 2.59836689
226 2.59921689
226 2.60271692
226 2.60051690
226 2.60016690
226 2.60831695
226 2.60106691
226 2.17976417
226 2.17241412
226 2.17406413
226 2.17261412
226 2.58946683
226 2.58691681
226 2.58696682
226 2.58856683
226 2.59916689
226 2.59916689
226 2.59896689
226 2.59901689
226 2.60471693
226 2.60101691
226 2.60051690
226 2.60631694
226 2.60846696
226 2.60941696
226 2.60841695
226 2.60846696
226 2.21846442
226 2.21461439
226 2.21311439
226 2.21371439
226 2.60016690
226 2.59911689
226 2.59981690
226 2.59901689
226 2.59906689
226 2.60241692
226 2.59891689
226 2.59901689
226 2.37011541
226 2.38326549
226 2.36441537
226 2.36911540
226 2.60151691
226 2.60071690
226 2.60501693
226 2.60236692
226 2.59971690
226 2.59981690
226 2.59821689
226 2.61056697
226 1.80786175
226 1.80806175
226 1.80856176
226 1.80801175
226 2.58721682
226 2.59336686
226 2.59466687
226 2.58791682
226 0.96580628
226 0.96670628
226 0.96535627
226 0.96535627
226 2.60931696
226 2.60796695
226 2.61146697
226 2.60931696
226 2.60866696
226 2.60946696
226 2.60781695
226 2.61101697
226 2.58716682
226 2.58716682
226 2.59036684
226 2.58936683
226 2.33576518
226 2.46796604
226 2.34326523
226 2.33456517
226 2.58866683
226 2.58721682
226 2.58706682
226 2.59281685
226 2.61161698
226 2.61046697
226 2.61261698
226 2.60251692
226 2.60851696
226 2.60841695
226 2.60756695
226 2.61881702
226 0.97085631
226 0.97150631
226 0.97075631
226 0.97155632
226 2.44946592
226 2.45281594
226 2.44846592
226 2.45076593
226 1.66556083
226 1.66716084
226 1.66701084
226 1.67791091
226 2.60996696
226 2.60836695
226 2.60756695
226 2.60906696
226 2.59906689
226 2.59961690
226 2.59881689
226 2.59951690
226 2.43541583
226 2.42386576
226 2.43041580
226 2.42511576
