202 2.54842319
202 2.54697318
202 2.55252323
202 2.54577317
202 2.55997330
202 2.55157322
202 2.54812319
202 2.55292323
202 2.55737327
202 2.55592326
202 2.55537325
202 2.55697327
202 2.53637308
202 2.53522307
202 2.53552307
202 2.53532307
202 0.94870863
202 0.94780863
202 0.94870863
202 0.94865863
202 2.54817319
202 2.55442325
202 2.54882319
202 2.55092321
202 2.55357324
202 2.55402324
202 2.55627326
202 2.54697318
202 2.53517307
202 2.53512307
202 2.53602308
202 2.53572308
202 2.54947320
202 2.54837319
202 2.54892320
202 2.55412324
202 0.95230867
202 0.95230867
202 0.95145866
202 0.95170866
202 2.42842210
202 2.42262205
202 2.42252204
202 2.42557207
202 2.56607335
202 2.56682336
202 2.57242341
202 2.56862337
202 2.54702318
202 2.54692318
202 2.54652317
202 2.54747318
202 2.57152340
202 2.57227341
202 2.58372351
202 2.57222341
202 0.94435859
202 0.94525860
202 0.94425859
202 0.94410859
202 0.96110875
202 0.95475869
202 0.95550870
202 0.95475869
202 2.54907320
202 2.54662317
202 2.54702318
202 2.55207322
202 2.56512334
202 2.56422333
202 2.56277332
202 2.55452325
202 0.94405859
202 0.94420859
202 0.94500860
202 0.94415859
202 2.55472325
202 2.55607326
202 2.55932329
202 2.55652326
202 2.09306905
202 2.39417179
202 2.09371905
202 2.09321905
202 2.53582308
202 2.53512307
202 2.54842319
202 2.54142313
202 2.54662317
202 2.54817319
202 2.54732318
202 2.55197322
202 2.55432324
202 2.56447334
202 2.56342333
202 2.55452325
202 2.55587326
202 2.56547335
202 2.55617326
202 2.56572335
202 2.30357096
202 2.29667090
202 2.29077085
202 2.30202095
202 0.95180866
202 0.95425868
202 0.94920864
202 0.94945864
202 1.90661735
202 1.90531734
202 1.90636735
202 1.90901737
202 2.55667327
202 2.55992330
202 2.55682327
202 2.55732327
202 2.54592317
202 2.54127313
202 2.53562307
202 2.55212322
