150 2.42445606
150 2.42360606
150 2.42320606
150 2.42420606
150 0.89505224
150 0.89505224
150 0.89495224
150 0.89655224
150 2.42390606
150 2.43045608
150 2.42460606
150 2.42375606
150 2.37570594
150 2.37595594
150 2.38175595
150 2.37685594
150 2.42510606
150 2.42280606
150 2.42695607
150 2.42265606
150 2.40515601
150 2.40360601
150 2.40345601
150 2.40510601
150 0.89900225
150 0.89885225
150 0.89965225
150 0.90060225
150 2.42400606
150 2.42715607
150 2.42450606
150 2.42555606
150 2.42280606
150 2.42435606
150 2.43185608
150 2.42325606
150 2.40425601
150 2.40365601
150 2.40745602
150 2.40425601
150 2.41640604
150 2.41395603
150 2.41465604
150 2.41545604
150 2.43160608
150 2.43275608
150 2.43275608
150 2.43870610
150 2.25610564
150 2.25580564
150 2.25595564
150 2.25680564
150 2.42850607
150 2.42395606
150 2.42460606
150 2.42310606
150 2.42300606
150 2.41630604
150 2.41690604
150 2.41760604
150 2.42515606
150 2.42265606
150 2.42355606
150 2.42585606
150 0.89520224
150 0.89540224
150 0.89515224
150 0.89485224
150 2.41630604
150 2.41640604
150 2.41630604
150 2.41745604
150 0.90335226
150 0.90265226
150 0.90240226
150 0.90240226
150 2.43765609
150 2.43200608
150 2.42500606
150 2.42455606
150 0.90170225
150 0.94885237
150 0.90325226
150 0.90195225
150 2.28130570
150 2.28110570
150 2.28130570
150 2.28105570
150 2.43150608
150 2.42295606
150 2.42720607
150 2.41970605
150 2.42355606
150 2.47470619
150 2.46005615
150 2.45455614
150 2.41755604
150 2.46630617
150 2.43635609
150 2.42375606
150 2.40385601
150 2.40525601
150 2.40370601
150 2.40440601
150 0.89885225
150 0.89955225
150 0.89885225
150 0.89975225
150 0.90190225
150 0.90170225
150 0.90305226
150 0.90175225
150 2.42585606
150 2.42290606
150 2.42330606
150 2.43345608
150 2.41400604
150 2.40890602
150 2.40805602
150 2.40955602
