1018 7.01988057
1018 7.02448066
1018 7.01833054
1018 7.02413065
1018 7.00738034
1018 7.01058040
1018 7.00568031
1018 7.00628032
1018 6.92972889
1018 6.90067835
1018 6.90307840
1018 6.90192838
1018 7.60459145
1018 7.60154139
1018 7.60734150
1018 7.60119138
1018 6.93202894
1018 6.93282895
1018 6.93592901
1018 6.95487936
1018 7.03518085
1018 7.04403102
1018 7.03438084
1018 7.04048095
1018 6.01846194
1018 6.01361185
1018 6.01441187
1018 6.01346185
1018 6.33201778
1018 6.32861771
1018 6.32626767
1018 6.32896772
1018 6.87532788
1018 6.86502769
1018 6.84927740
1018 6.84777737
1018 7.11018225
1018 7.10793221
1018 7.10758220
1018 7.11938242
1018 6.98978001
1018 6.98622994
1018 6.99148004
1018 6.98602994
1018 7.18253360
1018 7.18373362
1018 7.15858315
1018 7.15938316
1018 7.18008355
1018 7.18368362
1018 7.17903353
1018 7.18123357
1018 7.29823575
1018 7.30213582
1018 7.29778574
1018 7.30233582
1018 6.85217745
1018 6.85217745
1018 6.85057742
1018 6.85362748
1018 6.21086552
1018 6.20781547
1018 6.20706545
1018 6.21601562
1018 7.29213563
1018 7.29508569
1018 7.30618590
1018 7.30213582
1018 6.81252671
1018 6.81532677
1018 6.81192670
1018 6.81157670
1018 7.48623924
1018 7.49673944
1018 7.49098933
1018 7.48833928
1018 7.62724187
1018 7.61379162
1018 7.61444163
1018 7.62009173
1018 5.28634833
1018 5.45710150
1018 5.28744835
1018 5.28739835
1018 6.16526467
1018 6.16056459
1018 6.16201461
1018 6.16956475
1018 7.26328510
1018 7.25663497
1018 7.25523495
1018 7.26018504
1018 7.13238266
1018 7.13578273
1018 7.13793277
1018 7.13678274
1018 5.93081031
1018 5.92941029
1018 5.95001067
1018 5.92936029
1018 7.59349124
1018 7.59654130
1018 7.59689130
1018 7.59294123
1018 7.01323045
1018 7.02583068
1018 7.01288044
1018 7.01693051
1018 6.95502936
1018 6.94967926
1018 6.95087929
1018 6.95097929
1018 7.23693461
1018 7.23458456
1018 7.23638460
1018 7.23768462
1018 7.31938614
1018 7.31903613
1018 7.32648627
1018 7.31118599
