786 7.24128327
786 7.23558321
786 7.24118327
786 7.22838313
786 7.18043257
786 7.19283272
786 7.17658253
786 7.17898256
786 7.42818542
786 7.43568551
786 7.41998533
786 7.42048534
786 5.47736299
786 5.47901301
786 5.47396295
786 5.47636298
786 4.57670263
786 4.57540262
786 4.57095257
786 4.56175246
786 4.24064877
786 4.23769873
786 4.23734873
786 4.23504870
786 7.39968510
786 7.40783519
786 7.52608655
786 7.38458492
786 4.29119935
786 4.29179936
786 4.28384926
786 4.28714930
786 6.97613023
786 6.97293019
786 6.97018016
786 6.96763013
786 5.17415950
786 5.18910967
786 5.17535952
786 5.17125947
786 7.62198765
786 7.61758760
786 7.61023752
786 7.60803749
786 7.10998176
786 7.11363181
786 7.12003188
786 7.11133178
786 4.36430019
786 4.36135016
786 4.36210016
786 4.34910001
786 6.20787139
786 6.21147143
786 6.21842151
786 6.21417146
786 7.24383330
786 7.21523298
786 7.21153293
786 7.23623322
786 7.25018338
786 7.24013326
786 7.23718323
786 7.24583333
786 4.28504928
786 4.28239925
786 4.28104923
786 4.28034922
786 7.42413538
786 7.42323537
786 7.41963533
786 7.42983544
786 4.31594963
786 4.28684930
786 4.31014957
786 4.31289960
786 4.32469973
786 4.32964979
786 4.32789977
786 4.32449973
786 4.29104935
786 4.43355099
786 4.32174970
786 4.32659976
786 4.20269833
786 4.21374846
786 4.20374834
786 4.20454835
786 4.70055406
786 4.70010405
786 4.70050406
786 4.69935404
786 4.39410053
786 4.38680045
786 4.38960048
786 4.39445054
786 7.34678449
786 7.35213455
786 7.34738449
786 7.34583448
786 5.52321352
786 5.52121349
786 5.52311352
786 5.52906358
786 7.09823163
786 7.09543160
786 7.09338157
786 7.09453159
786 4.50365179
786 4.50050176
786 4.51205189
786 4.49885174
786 4.29409938
786 4.29779942
786 4.29664941
786 4.29324937
786 4.42685091
786 4.42615090
786 4.43035095
786 4.42675091
