686 4.25517574
686 4.25122567
686 4.25517574
686 4.26277588
686 4.20387483
686 4.20312482
686 4.20482485
686 4.20447484
686 3.99787116
686 3.98297090
686 3.98522094
686 3.98282089
686 4.15307392
686 4.16087406
686 4.15992405
686 4.15347393
686 4.51928044
686 4.52008046
686 4.52083047
686 4.52268050
686 4.21487502
686 4.21507503
686 4.21422501
686 4.22267516
686 7.42988225
686 7.42478216
686 7.42598218
686 7.43193229
686 6.83852173
686 6.83907174
686 6.84647187
686 6.84677187
686 4.18847455
686 4.18982458
686 4.19097460
686 4.18987458
686 4.44782917
686 4.44242908
686 4.44157906
686 4.44717916
686 4.51313033
686 4.51488036
686 4.50893026
686 4.50763024
686 4.18292446
686 4.18332446
686 4.19207462
686 4.18272445
686 4.53918080
686 4.54053082
686 4.54468090
686 4.56103119
686 4.25742578
686 4.25877581
686 4.24977565
686 4.25352571
686 4.40287837
686 4.41977867
686 4.40467840
686 4.39922831
686 4.69313354
686 4.71083385
686 4.71588394
686 4.70773380
686 6.41006410
686 6.40941409
686 6.41436418
686 6.40756405
686 5.17784217
686 5.17334209
686 5.16769198
686 5.16134187
686 6.06515796
686 6.06560797
686 6.06830802
686 6.06355793
686 4.09717293
686 4.09842295
686 4.09267285
686 4.08982280
686 4.22107514
686 4.44602914
686 4.20812490
686 4.20907492
686 4.44007903
686 4.44037904
686 4.43127888
686 4.43652897
686 4.37022779
686 4.37097780
686 4.37637790
686 4.36967778
686 4.44477912
686 4.42877883
686 4.43902901
686 4.43452893
686 4.35222747
686 4.35272748
686 4.34062726
686 4.33882723
686 5.35674535
686 5.35134525
686 5.35224527
686 5.34984523
686 4.29127638
686 4.30287659
686 4.28612629
686 4.28707631
686 7.47243301
686 7.47823311
686 7.47668308
686 7.47888312
686 7.07567595
686 7.06712579
686 7.06767580
686 7.06467575
686 4.55068100
686 4.55668111
686 4.55553109
686 4.55843114
