190 1.88365283
190 1.88225282
190 1.88285282
190 1.89225284
190 2.51585377
190 2.51800378
190 2.51645377
190 2.51645377
190 2.53875381
190 2.53545380
190 2.53485380
190 2.53500380
190 2.52900379
190 2.52980379
190 2.53750381
190 2.52900379
190 0.94240141
190 0.94245141
190 0.94655142
190 0.94310141
190 2.51585377
190 2.51720378
190 2.51650377
190 2.52085378
190 2.53830381
190 2.53900381
190 2.54010381
190 2.53895381
190 2.53425380
190 2.53625380
190 2.53420380
190 2.53560380
190 2.50840376
190 2.50840376
190 2.50675376
190 2.50900376
190 1.75370263
190 1.74735262
190 1.74750262
190 1.74730262
190 2.52915379
190 2.53490380
190 2.52830379
190 2.53115380
190 0.94180141
190 0.94320141
190 0.94215141
190 0.94240141
190 2.40840361
190 2.40870361
190 2.40700361
190 2.40935361
190 2.53715381
190 2.53765381
190 2.52870379
190 2.52725379
190 2.53095380
190 2.52615379
190 2.52755379
190 2.52725379
190 2.54455382
190 2.53805381
190 2.53745381
190 2.55865384
190 2.51600377
190 2.52025378
190 2.51595377
190 2.51810378
190 1.45985219
190 1.46065219
190 1.45960219
190 1.45900219
190 2.53275380
190 2.53175380
190 2.53290380
190 2.53640380
190 2.53795381
190 2.53790381
190 2.54025381
190 2.54735382
190 2.53795381
190 2.84890427
190 2.54705382
190 2.53655380
190 2.51630377
190 2.52710379
190 2.51605377
190 2.51730378
190 2.53140380
190 2.54765382
190 2.52860379
190 2.53010380
190 2.53625380
190 2.54300381
190 2.53620380
190 2.53640380
190 2.52805379
190 2.52700379
190 2.53190380
190 2.52765379
190 2.51610377
190 2.51620377
190 2.51600377
190 2.51665377
190 0.94490142
190 0.94230141
190 0.94250141
190 0.94335142
190 1.92460289
190 1.93195290
190 1.92200288
190 1.92330288
190 2.52795379
190 2.53100380
190 2.52820379
190 2.55290383
190 2.51930378
190 2.51930378
190 2.52430379
190 2.53155380
