554 2.73570629
554 2.74185631
554 2.74070630
554 2.74195631
554 2.74045630
554 2.73530629
554 2.73620629
554 2.73755630
554 3.15690726
554 3.15625726
554 3.15760726
554 3.15715726
554 3.02945697
554 3.02465696
554 3.02475696
554 3.02495696
554 3.17985731
554 3.18540733
554 3.17880731
554 3.18690733
554 2.42190557
554 2.42420558
554 2.42165557
554 2.42220557
554 3.42905789
554 3.42970789
554 3.42945789
554 3.43430790
554 3.79605873
554 3.79600873
554 3.80145874
554 3.79655873
554 2.67380615
554 2.67955616
554 2.67310615
554 2.67645616
554 3.06420705
554 3.06440705
554 3.06495705
554 3.06695705
554 2.85770657
554 2.86360659
554 2.85800657
554 2.85710657
554 3.48890802
554 3.48605802
554 3.48535802
554 3.48540802
554 3.85975888
554 3.85720887
554 3.85535887
554 3.85555887
554 2.73320629
554 2.72520627
554 2.72475627
554 2.72860628
554 3.31015761
554 3.31150762
554 3.31500762
554 3.31070761
554 2.55620588
554 2.55610588
554 2.55845588
554 2.55705588
554 2.21710510
554 2.21545510
554 2.21580510
554 2.21625510
554 3.80770876
554 3.80640875
554 3.80925876
554 3.80640875
554 2.85275656
554 2.85650657
554 2.84755655
554 2.84770655
554 2.81110647
554 2.81570648
554 2.81120647
554 2.81375647
554 3.38820779
554 3.68400847
554 3.37635777
554 3.37675777
554 2.60790600
554 2.60595599
554 2.60600599
554 2.60660600
554 2.51440578
554 2.51465578
554 2.51535579
554 2.51845579
554 3.30480760
554 3.30365760
554 3.30390760
554 3.30425760
554 3.63595836
554 3.63535836
554 3.63420836
554 3.63340836
554 3.23620744
554 3.23580744
554 3.23760745
554 3.23615744
554 3.25415748
554 3.22935743
554 3.23025743
554 3.23100743
554 2.23745515
554 2.23760515
554 2.23905515
554 2.23830515
554 2.96515682
554 2.95610680
554 2.95250679
554 2.95255679
554 3.54545815
554 3.54535815
554 3.54560815
554 3.55500818
