106 0.81530106
106 0.81495106
106 0.81485106
106 0.81500106
106 2.17800283
106 2.18480284
106 2.20485287
106 2.16545282
106 2.16460281
106 2.16320281
106 2.16620282
106 2.16425281
106 2.17145282
106 2.17135282
106 2.17125282
106 2.17160282
106 2.15625280
106 2.15695280
106 2.15540280
106 2.15525280
106 2.16380281
106 2.16520281
106 2.16560282
106 2.16365281
106 2.17055282
106 2.17170282
106 2.17570283
106 2.16990282
106 2.17305282
106 2.17985283
106 2.16980282
106 2.17345283
106 0.81480106
106 0.81530106
106 0.81450106
106 0.81625106
106 2.16465281
106 2.16370281
106 2.16255281
106 2.16305281
106 2.16505281
106 2.16770282
106 2.16250281
106 2.16525281
106 2.15445280
106 2.15405280
106 2.15525280
106 2.15480280
106 2.16440281
106 2.16160281
106 2.16355281
106 2.16655282
106 2.16360281
106 2.16375281
106 2.16245281
106 2.16560282
106 2.17210282
106 2.17200282
106 2.16960282
106 2.17115282
106 2.15715280
106 2.15455280
106 2.15475280
106 2.15535280
106 2.16360281
106 2.16410281
106 2.16505281
106 2.16845282
106 2.16325281
106 2.17330283
106 2.16385281
106 2.16615282
106 2.16415281
106 2.16280281
106 2.16425281
106 2.16255281
106 2.15510280
106 2.15265280
106 2.15310280
106 2.15520280
106 2.17160282
106 2.21045287
106 2.16560282
106 2.16580282
106 2.15565280
106 2.15345280
106 2.15380280
106 2.15345280
106 2.16345281
106 2.17400283
106 2.16585282
106 2.16850282
106 2.16485281
106 2.16450281
106 2.16550282
106 2.16485281
106 2.17860283
106 2.16980282
106 2.17100282
106 2.17335283
106 2.16650282
106 2.16210281
106 2.16365281
106 2.16195281
106 1.54910201
106 1.54980201
106 1.54975201
106 1.55040202
106 2.15300280
106 2.15365280
106 2.15255280
106 2.15455280
106 2.15540280
106 2.15290280
106 2.15365280
106 2.15400280
106 2.17395283
106 2.17915283
106 2.17410283
106 2.17155282
