458 1.09080305
458 1.09175306
458 1.09135306
458 1.09160306
458 1.09810307
458 1.09970308
458 1.09805307
458 1.09895308
458 1.09160306
458 1.08620304
458 1.08615304
458 1.08615304
458 1.09470307
458 1.09385306
458 1.09460306
458 1.09455306
458 1.64885462
458 1.64975462
458 1.65045462
458 1.64945462
458 2.01830565
458 2.01750565
458 2.02130566
458 2.01820565
458 2.18385611
458 2.18440612
458 2.18375611
458 2.18510612
458 2.73730766
458 2.73760767
458 2.73790767
458 2.74040767
458 2.78645780
458 2.78725780
458 2.78705780
458 2.78765781
458 2.79315782
458 2.79805783
458 2.81255788
458 2.79665783
458 2.85970801
458 2.86335802
458 2.86830803
458 2.86020801
458 1.09200306
458 1.12795316
458 1.10380309
458 1.09145306
458 2.75440771
458 2.76515774
458 2.75425771
458 2.75440771
458 1.73595486
458 1.73600486
458 1.73575486
458 1.73695486
458 2.06610579
458 2.06315578
458 2.06145577
458 2.06385578
458 2.50990703
458 2.51160703
458 2.51125703
458 2.51125703
458 2.20980619
458 2.20995619
458 2.20975619
458 2.21175619
458 1.99935560
458 1.99310558
458 1.99315558
458 1.99310558
458 1.09165306
458 1.09085305
458 1.09150306
458 1.09075305
458 1.17495329
458 1.17335329
458 1.17440329
458 1.17410329
458 1.48230415
458 1.73225485
458 1.48375415
458 1.48160415
458 2.17570609
458 2.17650609
458 2.18030610
458 2.17635609
458 2.85025798
458 2.85040798
458 2.84955798
458 2.85095798
458 2.86010801
458 2.86330802
458 2.86700803
458 2.85950801
458 1.26525354
458 1.26540354
458 1.26520354
458 1.26685355
458 2.59865728
458 2.59880728
458 2.59925728
458 2.59925728
458 2.42570679
458 2.42055678
458 2.42450679
458 2.42780680
458 1.59480447
458 1.59325446
458 1.59420446
458 1.59395446
458 1.92675539
458 1.92625539
458 1.92645539
458 1.93125541
458 2.24205628
458 2.24170628
458 2.24185628
458 2.24320628
