826 7.26627253
826 7.27662256
826 7.26877253
826 7.26677253
826 7.36747284
826 7.37007285
826 7.37832287
826 7.39342292
826 4.43606375
826 4.43721376
826 4.45516381
826 4.41781370
826 7.14622215
826 7.15287217
826 7.15992220
826 7.14992216
826 6.89627138
826 6.90162140
826 6.87537131
826 6.87262131
826 4.43811376
826 4.44241377
826 4.44281377
826 4.43786376
826 7.46147313
826 7.48317320
826 7.44127307
826 7.43872306
826 5.70786769
826 5.71381771
826 5.70766769
826 5.70686769
826 7.38527289
826 7.37877287
826 7.36957285
826 7.36852284
826 4.42581372
826 4.43196374
826 4.42231371
826 4.42221371
826 7.33872275
826 7.33997275
826 7.31987269
826 7.31307267
826 6.98017164
826 6.98137164
826 6.97387162
826 6.97847163
826 4.32816342
826 4.33791345
826 4.32676341
826 4.32786342
826 4.32126340
826 4.32716341
826 4.32316340
826 4.32886342
826 7.32877272
826 7.33557274
826 7.34417277
826 7.33812275
826 4.47136386
826 4.47806388
826 4.47196386
826 4.47196386
826 4.32501341
826 4.35251349
826 4.33301343
826 4.34256346
826 6.59637045
826 6.59727045
826 6.58747042
826 6.56377035
826 6.83867120
826 6.83762120
826 6.82742117
826 6.82262115
826 7.07312193
826 7.10022201
826 7.07502193
826 7.05602187
826 4.86906509
826 5.11996587
826 4.90516521
826 4.90691521
826 5.56586725
826 5.56546725
826 5.54581719
826 5.54516719
826 5.50576707
826 5.50346706
826 5.50221706
826 5.50631707
826 6.66172065
826 6.66702067
826 6.66282065
826 6.66067065
826 4.33801345
826 4.34046346
826 4.33546344
826 4.35941351
826 7.05447187
826 7.05517187
826 7.16557221
826 7.11047204
826 4.56366415
826 4.56096414
826 4.56646416
826 4.56131414
826 4.42251371
826 4.42716372
826 4.42501372
826 4.43581375
826 4.41981370
826 4.42041370
826 4.42536372
826 4.41951370
826 4.73831469
826 4.73491468
826 4.73896469
826 4.73696468
