714 7.38350390
714 7.38200389
714 7.38420390
714 7.38005387
714 7.48275462
714 7.48130461
714 7.47690458
714 7.51490486
714 4.35383178
714 4.35383178
714 4.35233177
714 4.36253185
714 4.36778188
714 4.36153184
714 4.35383178
714 4.35338178
714 4.35918182
714 4.36323185
714 4.35923182
714 4.36428186
714 4.68708422
714 4.68528420
714 4.68638421
714 4.68758422
714 4.46223257
714 4.45753254
714 4.45773254
714 4.46098257
714 4.23868094
714 4.24073096
714 4.22168082
714 4.22163082
714 7.52880496
714 7.53550501
714 7.52775495
714 7.53305499
714 4.66388405
714 4.67108410
714 4.66313404
714 4.66363404
714 4.14438025
714 4.14698027
714 4.15018030
714 4.14403025
714 7.39275397
714 7.41890416
714 7.39790400
714 7.39330397
714 7.40535406
714 7.40965409
714 7.39890401
714 7.39710400
714 5.11203732
714 5.11738736
714 5.11128731
714 5.11038731
714 4.89368572
714 4.90113578
714 4.89193571
714 4.89248572
714 7.54270506
714 7.54440507
714 7.53790503
714 7.53865503
714 7.58230535
714 7.57585530
714 7.58540537
714 7.57675531
714 4.49653282
714 4.49843284
714 4.51478296
714 4.49698283
714 4.03727947
714 4.03727947
714 4.03212943
714 4.03582946
714 7.27380310
714 7.27625312
714 7.27055308
714 7.26885306
714 5.49309010
714 5.68799152
714 5.39173936
714 5.37258922
714 4.19723064
714 4.19633063
714 4.19658064
714 4.19923065
714 4.09812992
714 4.09872992
714 4.09907992
714 4.10447996
714 4.01567931
714 4.00842926
714 4.01382930
714 4.01217929
714 7.28565319
714 7.28100315
714 7.26435303
714 7.26920307
714 4.36833189
714 4.36128184
714 4.35348178
714 4.35563180
714 4.15153031
714 4.15133030
714 4.16393040
714 4.15143031
714 6.38554661
714 6.39114666
714 6.39789670
714 6.38559661
714 7.15005220
714 7.14955219
714 7.15340222
714 7.14745218
714 7.08975176
714 7.08950175
714 7.08310171
714 7.08220170
