678 4.13747365
678 4.13252356
678 4.13182355
678 4.13252356
678 4.51138030
678 4.51683040
678 4.51438036
678 4.51113030
678 5.00263905
678 5.00333906
678 5.01503927
678 5.00563910
678 5.79350312
678 5.79925323
678 5.79850321
678 5.79870322
678 7.36108103
678 7.36988118
678 7.34933082
678 7.33368054
678 4.25392572
678 4.25297570
678 4.25717578
678 4.25332571
678 4.44482912
678 4.44542913
678 4.44497912
678 4.45802935
678 4.21532503
678 4.20882492
678 4.21242498
678 4.20522485
678 4.21622505
678 4.23302535
678 4.20047477
678 4.20802490
678 5.08189046
678 5.08789056
678 5.08599053
678 5.08009043
678 5.65140059
678 5.65115059
678 5.65555067
678 5.65090059
678 4.37652790
678 4.37737792
678 4.38017797
678 4.37807793
678 4.02082157
678 4.02242160
678 4.02232160
678 4.02082157
678 4.44497912
678 4.46072940
678 4.45757934
678 4.45127923
678 4.30817669
678 4.31302677
678 4.31392679
678 4.30767668
678 4.13117353
678 4.13202355
678 4.13557361
678 4.13637363
678 4.39612825
678 4.38872812
678 4.39567824
678 4.38987814
678 4.27232605
678 4.27147603
678 4.26167586
678 4.26912599
678 4.03172176
678 4.02997173
678 4.03452181
678 4.03032174
678 4.61678218
678 4.61643217
678 4.61703218
678 4.62498232
678 4.08152265
678 4.26532592
678 4.11112318
678 4.09917297
678 4.11932332
678 4.12302339
678 4.12127336
678 4.12002334
678 4.29752650
678 4.28682631
678 4.28152621
678 4.30277659
678 4.71333390
678 4.71143386
678 4.72918418
678 4.72118404
678 7.33723060
678 7.33863063
678 7.33408055
678 7.33813062
678 7.05647561
678 7.03152516
678 7.02852511
678 7.02612507
678 7.57698487
678 7.57138477
678 7.57723487
678 7.57698487
678 7.40558182
678 7.40543182
678 7.40983190
678 7.40443180
678 7.27292946
678 7.29697989
678 7.29972994
678 7.29607987
678 4.53678075
678 4.53663075
678 4.55793113
678 4.54988099
