614 4.04688602
614 4.04733602
614 4.04743602
614 4.04728602
614 4.56654064
614 4.57809075
614 4.55574055
614 4.56679064
614 4.64354133
614 4.63504125
614 4.71924200
614 4.72114202
614 3.98893550
614 3.98313545
614 3.98168544
614 3.98013542
614 3.86093436
614 3.86258438
614 3.85723433
614 3.85953435
614 4.61424107
614 4.61654109
614 4.61804110
614 4.61134104
614 4.42228936
614 4.42378937
614 4.42058934
614 4.46623975
614 4.32253847
614 4.32158846
614 4.31848843
614 4.31858844
614 4.64769136
614 4.65264141
614 4.64329133
614 4.64179131
614 6.67120937
614 6.66900935
614 6.66520932
614 6.66340930
614 4.26853799
614 4.26058792
614 4.26238794
614 4.26073792
614 3.83538413
614 3.83143410
614 3.87348447
614 3.83533413
614 4.21683753
614 4.20553743
614 4.20993747
614 4.20678744
614 3.88063454
614 3.89113463
614 3.88648459
614 3.87208446
614 5.36094771
614 5.35859769
614 5.35069762
614 5.34464757
614 4.51479018
614 4.54289043
614 4.50299008
614 4.59704091
614 7.75531902
614 7.73616885
614 7.60206766
614 7.82756967
614 4.04093596
614 4.05148606
614 4.04373599
614 3.99963560
614 3.99778558
614 3.99193553
614 3.99653557
614 3.99688557
614 4.37623895
614 4.38443902
614 4.38508903
614 4.29988827
614 3.79458377
614 3.97463537
614 3.79413377
614 3.79493377
614 4.33553859
614 4.33983862
614 4.33843861
614 4.33528858
614 4.38098899
614 4.38808905
614 4.38498903
614 4.38253900
614 7.58426750
614 7.58171748
614 7.55601725
614 7.53276704
614 4.18608726
614 4.19483733
614 4.18868728
614 4.18578725
614 5.48459881
614 5.48434881
614 5.48284880
614 5.48644883
614 4.21618752
614 4.21463751
614 4.21458751
614 4.21898755
614 3.66473262
614 3.66463262
614 3.66523262
614 3.66473262
614 3.70153294
614 3.70123294
614 3.70703299
614 3.70248295
614 3.85828434
614 3.85843434
614 3.86103436
614 3.86868443
