870 6.45379198
870 6.45134193
870 6.46224217
870 6.44919188
870 7.28081018
870 7.27556006
870 7.28196020
870 7.28071018
870 7.48481467
870 7.48401465
870 7.48986478
870 7.48371464
870 4.48644870
870 4.50959921
870 4.49499889
870 4.50524912
870 7.09845617
870 7.10170624
870 7.10805638
870 7.09835616
870 5.36476802
870 5.36201796
870 5.37031815
870 5.36316799
870 7.22910904
870 7.23050907
870 7.20375848
870 7.17940795
870 7.12500675
870 7.11310649
870 7.09290604
870 7.09230603
870 4.36659607
870 4.36719608
870 4.36409601
870 4.36444602
870 7.59421707
870 7.59696713
870 7.59171702
870 7.58916696
870 7.40066281
870 7.39706274
870 7.39851277
870 7.39696273
870 7.26125975
870 7.25405959
870 7.25460960
870 7.25860969
870 4.24594341
870 4.25379358
870 4.24639342
870 4.24674343
870 7.28716032
870 7.28151019
870 7.28256022
870 7.28696031
870 6.97300341
870 6.97960355
870 6.97760351
870 6.97895354
870 6.85580083
870 6.85800088
870 6.84390057
870 6.83165030
870 7.00315407
870 7.01075424
870 7.00465410
870 7.00225405
870 7.13150689
870 7.13630700
870 7.13870705
870 7.13415695
870 4.49709894
870 4.49834896
870 4.49864897
870 4.49589891
870 4.47564846
870 4.46849831
870 4.46739828
870 4.46739828
870 7.49566490
870 7.69116921
870 7.52221549
870 7.51851541
870 7.19975839
870 7.18280802
870 7.18760813
870 7.18695811
870 7.28706032
870 7.30011060
870 7.28696031
870 7.28681031
870 4.93155849
870 4.93830864
870 4.93640860
870 4.93305853
870 4.73670421
870 4.74000428
870 4.74865447
870 4.73840424
870 7.06145535
870 7.05755527
870 7.06725548
870 7.06810550
870 4.81840600
870 4.82065605
870 4.82745620
870 4.81945603
870 6.14368516
870 6.14273514
870 6.14738524
870 6.14878527
870 7.13240691
870 7.13295693
870 7.10855639
870 7.10975641
870 4.53624980
870 4.53879985
870 4.53724982
870 4.53979988
