754 4.20238152
754 4.19908149
754 4.21088158
754 4.21043158
754 7.40420553
754 7.40825556
754 7.40575554
754 7.41155559
754 4.36673275
754 4.39328295
754 4.35383265
754 4.34593259
754 7.30960482
754 7.30215477
754 7.30635480
754 7.30155476
754 4.24933187
754 4.24558184
754 4.25138189
754 4.24548184
754 4.24323182
754 4.23978180
754 4.24038180
754 4.23968180
754 6.05849544
754 6.06409548
754 6.05389540
754 6.04099531
754 4.15718118
754 4.16318122
754 4.15218114
754 4.14073106
754 4.32728245
754 4.32568244
754 4.32248242
754 4.32943247
754 7.59460696
754 7.62990722
754 7.55570667
754 7.56590674
754 7.17200379
754 7.16235372
754 7.20460403
754 7.14540359
754 4.39438296
754 4.40053300
754 4.39438296
754 4.39578297
754 4.37878284
754 4.38458288
754 4.37813284
754 4.37643282
754 4.28048210
754 4.27828209
754 4.28263212
754 4.27883209
754 7.28570464
754 7.28210462
754 7.28645465
754 7.28080461
754 4.54528409
754 4.53843404
754 4.54213407
754 4.54273407
754 7.38955542
754 7.37725533
754 7.37230529
754 7.35480516
754 7.15405366
754 7.15425366
754 7.16485374
754 7.18020385
754 6.38459788
754 6.36834776
754 6.34914762
754 6.36429773
754 7.39040543
754 7.38895542
754 7.38680540
754 7.38515539
754 7.03500276
754 7.04140281
754 7.03750278
754 7.04225282
754 7.10670330
754 7.10355328
754 7.10115326
754 7.10565329
754 4.21308160
754 4.21568162
754 4.21858164
754 4.21303160
754 7.31840489
754 7.31595487
754 7.31310485
754 7.31420486
754 4.26858201
754 4.26723200
754 4.27318205
754 4.27383205
754 7.19470396
754 7.18210387
754 7.17780383
754 7.18295387
754 4.25663192
754 4.25153189
754 4.26163196
754 4.25833194
754 4.74808561
754 4.75673568
754 4.74848561
754 4.74873562
754 5.36699025
754 5.36974027
754 5.37024028
754 5.38139036
754 7.35650517
754 7.35770518
754 7.35310515
754 7.35200514
