546 2.93600294
546 2.93670294
546 2.93735294
546 2.94145294
546 2.52925253
546 2.52540253
546 2.52530253
546 2.52610253
546 2.96025296
546 2.96900297
546 2.96085296
546 2.96155296
546 2.28440228
546 2.27965228
546 2.28010228
546 2.28120228
546 3.48480348
546 3.48475348
546 3.48525349
546 3.48470348
546 3.40840341
546 3.40335340
546 3.40370340
546 3.40640341
546 3.22625323
546 3.22450322
546 3.22550323
546 3.23645324
546 3.03220303
546 3.03000303
546 3.03045303
546 3.03130303
546 2.28025228
546 2.27825228
546 2.27840228
546 2.28415228
546 2.76930277
546 2.76885277
546 2.76900277
546 2.77465277
546 3.30275330
546 3.30150330
546 3.30610331
546 3.30110330
546 2.67890268
546 2.67585268
546 2.67655268
546 2.67870268
546 2.35325235
546 2.35205235
546 2.35690236
546 2.35230235
546 2.25770226
546 2.25440225
546 2.25860226
546 2.25950226
546 3.30310330
546 3.28610329
546 3.28515329
546 3.28965329
546 3.50745351
546 3.50455350
546 3.50545351
546 3.50535351
546 2.65280265
546 2.65645266
546 2.65120265
546 2.65145265
546 2.65735266
546 2.65570266
546 2.65975266
546 2.66145266
546 2.35690236
546 2.35655236
546 2.36760237
546 2.35815236
546 3.63670364
546 3.63370363
546 3.63280363
546 3.62380362
546 2.21555222
546 2.38095238
546 2.21675222
546 2.21700222
546 3.61280361
546 3.61520362
546 3.61275361
546 3.61130361
546 2.29985230
546 2.30060230
546 2.29930230
546 2.30055230
546 2.34330234
546 2.34325234
546 2.33910234
546 2.33940234
546 3.51640352
546 3.51665352
546 3.51845352
546 3.51665352
546 2.86460286
546 2.85985286
546 2.86195286
546 2.86035286
546 2.23805224
546 2.23975224
546 2.23770224
546 2.23915224
546 2.95680296
546 2.95540296
546 2.95220295
546 2.95185295
546 2.02190202
546 2.02160202
546 2.02330202
546 2.02155202
546 3.44560345
546 3.44960345
546 3.44530345
546 3.44630345
