334 2.76646107
334 2.76586106
334 2.76561106
334 2.76871107
334 1.07060428
334 1.06895428
334 1.07120428
334 1.06970428
334 2.78776115
334 2.78976116
334 2.78836115
334 2.78891116
334 2.78766115
334 2.78786115
334 2.78851115
334 2.78881116
334 2.63366053
334 2.63416054
334 2.63421054
334 2.63821055
334 2.77541110
334 2.77721111
334 2.77456110
334 2.78746115
334 2.64326057
334 2.64466058
334 2.64256057
334 2.64311057
334 2.04230817
334 2.04220817
334 2.04135817
334 2.04225817
334 2.77176109
334 2.76581106
334 2.76706107
334 2.76721107
334 1.06900428
334 1.06975428
334 1.06810427
334 1.06890428
334 2.78211113
334 2.78001112
334 2.79046116
334 2.78071112
334 2.76676107
334 2.76576106
334 2.76596106
334 2.76566106
334 1.84120736
334 1.84160737
334 1.84195737
334 1.85705743
334 2.22400890
334 2.22225889
334 2.22245889
334 2.22385890
334 2.78651115
334 2.78571114
334 2.78771115
334 2.78641115
334 1.06080424
334 1.06005424
334 1.06020424
334 1.06070424
334 2.25425902
334 2.25440902
334 2.25350901
334 2.25475902
334 2.78771115
334 2.78906116
334 2.79206117
334 2.79136117
334 1.80085720
334 1.80025720
334 1.79940720
334 1.80075720
334 2.78816115
334 2.79016116
334 2.78881116
334 2.78996116
334 2.12135849
334 2.24420898
334 2.12380850
334 2.12500850
334 2.76781107
334 2.76996108
334 2.76571106
334 2.76711107
334 1.06910428
334 1.06905428
334 1.06900428
334 1.06895428
334 1.61765647
334 1.61630647
334 1.62465650
334 1.61705647
334 2.78651115
334 2.78666115
334 2.78656115
334 2.79176117
334 1.57625631
334 1.57615630
334 1.57600630
334 1.57760631
334 2.78271113
334 2.78001112
334 2.78671115
334 2.79696119
334 2.39485958
334 2.39360957
334 2.39340957
334 2.39585958
334 2.79276117
334 2.78856115
334 2.78866115
334 2.78841115
334 2.76681107
334 2.77296109
334 2.76561106
334 2.76661107
