438 1.09310240
438 1.09475241
438 1.09455241
438 1.09370241
438 1.08920240
438 1.08500239
438 1.08500239
438 1.08500239
438 1.81730400
438 1.81695400
438 1.81715400
438 1.81615400
438 2.84160625
438 2.84580626
438 2.84220625
438 2.84640626
438 1.65845365
438 1.65730365
438 1.65725365
438 1.66250366
438 2.76545608
438 2.76285608
438 2.76300608
438 2.76445608
438 1.09015240
438 1.09605241
438 1.09095240
438 1.09090240
438 1.81700400
438 1.81675400
438 1.81775400
438 1.81610400
438 2.17350478
438 2.17430478
438 2.17280478
438 2.17260478
438 2.00440441
438 2.00045440
438 1.99960440
438 1.99960440
438 2.36640521
438 2.36665521
438 2.36725521
438 2.36565520
438 2.85270628
438 2.85290628
438 2.86175630
438 2.85195627
438 2.82670622
438 2.82710622
438 2.82680622
438 2.82715622
438 1.09475241
438 1.09110240
438 1.08965240
438 1.09020240
438 1.09805242
438 1.09685241
438 1.09750241
438 1.09700241
438 1.64810363
438 1.64825363
438 1.64820363
438 1.64720362
438 2.82680622
438 2.82845622
438 2.82815622
438 2.83610624
438 2.54050559
438 2.54185559
438 2.54190559
438 2.54045559
438 2.36625521
438 2.36590520
438 2.36535520
438 2.36060519
438 2.13110469
438 2.13015469
438 2.12970469
438 2.13020469
438 2.85440628
438 2.91690642
438 2.85515628
438 2.85465628
438 1.08500239
438 1.08505239
438 1.08500239
438 1.08575239
438 1.68040370
438 1.67910369
438 1.68130370
438 1.67915369
438 2.76180608
438 2.75995607
438 2.75930607
438 2.75915607
438 2.85080627
438 2.85120627
438 2.85010627
438 2.84035625
438 2.33795514
438 2.33810514
438 2.33875515
438 2.33850514
438 1.73050381
438 1.72980381
438 1.73070381
438 1.73115381
438 2.84850627
438 2.84710626
438 2.83970625
438 2.83930625
438 2.85075627
438 2.85060627
438 2.85055627
438 2.85190627
438 1.87805413
438 1.87830413
438 1.87820413
438 1.87825413
