346 2.79552264
346 2.79477264
346 2.79537264
346 2.79627265
346 1.06530863
346 1.06680864
346 1.06525863
346 1.06520863
346 2.78542256
346 2.78552256
346 2.78437255
346 2.78587257
346 2.26576835
346 2.26726836
346 2.26151832
346 2.26291833
346 2.78332254
346 2.78262254
346 2.78317254
346 2.78502256
346 1.06605864
346 1.06670864
346 1.06595863
346 1.07530871
346 2.78312254
346 2.78307254
346 2.78302254
346 2.78317254
346 1.67996361
346 1.67971361
346 1.67961360
346 1.68066361
346 2.67747169
346 2.66887162
346 2.66742161
346 2.66877162
346 2.79442263
346 2.79317262
346 2.79257262
346 2.79537264
346 2.62912130
346 2.62452126
346 2.62372125
346 2.62542127
346 2.32301882
346 2.32226881
346 2.32296882
346 2.32271881
346 2.78362255
346 2.79062260
346 2.78327254
346 2.78382255
346 2.79797266
346 2.79757266
346 2.79647265
346 2.79852267
346 2.77127245
346 2.77652249
346 2.77107245
346 2.77307246
346 1.07000867
346 1.06995867
346 1.06990867
346 1.06910866
346 2.23521811
346 2.23686812
346 2.23606811
346 2.23611811
346 2.78877259
346 2.78347255
346 2.78492256
346 2.78472256
346 2.77557248
346 2.77172245
346 2.77377247
346 2.77297246
346 1.94831578
346 1.94636577
346 1.94666577
346 1.94051572
346 2.78327254
346 2.88377336
346 2.78167253
346 2.78422255
346 2.77552248
346 2.77167245
346 2.77497248
346 2.77157245
346 2.26181832
346 2.26046831
346 2.26096831
346 2.26196832
346 2.79367263
346 2.80502272
346 2.79347263
346 2.79342263
346 2.78357255
346 2.78372255
346 2.78267254
346 2.81147277
346 2.40526948
346 2.40896951
346 2.40456948
346 2.41021952
346 2.22311801
346 2.22411802
346 2.22306801
346 2.22486802
346 2.79422263
346 2.79462264
346 2.80307270
346 2.79427263
346 2.79277262
346 2.79372263
346 2.79517264
346 2.79347263
346 2.77267246
346 2.77272246
346 2.77377247
346 2.77117245
