738 7.64222642
738 7.63002630
738 7.63657637
738 7.62697627
738 4.39694397
738 4.39449394
738 4.40294403
738 4.39479395
738 4.52664527
738 4.38749387
738 4.38759388
738 4.41184412
738 4.24349243
738 4.24039240
738 4.23889239
738 4.24449244
738 7.34162342
738 7.33957340
738 7.33622336
738 7.33992340
738 6.54726547
738 6.54481545
738 6.54686547
738 6.54721547
738 4.40969410
738 4.41459415
738 4.41189412
738 4.40924409
738 4.36594366
738 4.36834368
738 4.36599366
738 4.36749367
738 4.33324333
738 4.33999340
738 4.33284333
738 4.33409334
738 6.10306103
738 6.09276093
738 6.07926079
738 6.07846078
738 7.43442434
738 7.43482435
738 7.43167432
738 7.43937439
738 4.29629296
738 4.29124291
738 4.29299293
738 4.29069291
738 6.40596406
738 6.40901409
738 6.40356404
738 6.40726407
738 4.27849278
738 4.28049280
738 4.27614276
738 4.27659277
738 4.29259293
738 4.30129301
738 4.29314293
738 4.29199292
738 4.12799128
738 4.12879129
738 4.13779138
738 4.13829138
738 5.87495875
738 5.87700877
738 5.87295873
738 5.86560866
738 7.45202452
738 7.45322453
738 7.44862449
738 7.45152452
738 5.69925699
738 5.69785698
738 5.69355694
738 5.68860689
738 6.59171592
738 6.62231622
738 6.60206602
738 6.60631606
738 7.37727377
738 7.20702207
738 7.09367094
738 7.09002090
738 6.99286993
738 6.99761998
738 6.99356994
738 6.99506995
738 4.44709447
738 4.45334453
738 4.44709447
738 4.45544455
738 4.57029570
738 4.57074571
738 4.57714577
738 4.57434574
738 4.25569256
738 4.25569256
738 4.26519265
738 4.26569266
738 7.16162162
738 7.15922159
738 7.15802158
738 7.16197162
738 4.27174272
738 4.27099271
738 4.27519275
738 4.27154272
738 4.23224232
738 4.22099221
738 4.22614226
738 4.21944219
738 4.42684427
738 4.44424444
738 4.42819428
738 4.44009440
738 7.40522405
738 7.42092421
738 7.41177412
738 7.41202412
