146 0.89575197
146 0.90015198
146 0.89575197
146 0.89590197
146 2.38990526
146 2.39100526
146 2.39010526
146 2.39120526
146 2.39655527
146 2.39710527
146 2.39735527
146 2.39690527
146 2.37755523
146 2.37740523
146 2.37730523
146 2.37900523
146 2.16935477
146 2.16490476
146 2.16585476
146 2.16610477
146 2.39670527
146 2.39805528
146 2.39475527
146 2.39615527
146 1.56525344
146 1.56595345
146 1.56590344
146 1.56510344
146 2.37730523
146 2.37845523
146 2.37685523
146 2.38265524
146 0.89550197
146 0.89560197
146 0.89535197
146 0.89595197
146 2.39735527
146 2.39705527
146 2.39710527
146 2.38985526
146 2.37810523
146 2.37750523
146 2.38385524
146 2.37745523
146 2.39925528
146 2.39720527
146 2.39795528
146 2.39865528
146 2.38795525
146 2.38845525
146 2.38845525
146 2.39180526
146 2.39690527
146 2.39700527
146 2.39670527
146 2.39750527
146 2.38260524
146 2.37925523
146 2.38805525
146 2.38045524
146 2.39985528
146 2.39540527
146 2.39555527
146 2.39785528
146 2.39760527
146 2.39650527
146 2.39740527
146 2.39805528
146 2.38795525
146 2.39285526
146 2.38790525
146 2.38890526
146 2.37790523
146 2.37825523
146 2.38315524
146 2.37810523
146 2.40055528
146 2.40035528
146 2.40690530
146 2.39930528
146 2.39080526
146 2.50735552
146 2.39305526
146 2.38870526
146 2.38435525
146 2.38400524
146 2.37760523
146 2.37810523
146 2.37875523
146 2.38800525
146 2.38885526
146 2.37870523
146 2.39905528
146 2.38810525
146 2.39030526
146 2.38905526
146 2.41385531
146 2.40600529
146 2.40580529
146 2.40655529
146 2.39245526
146 2.38945526
146 2.38770525
146 2.39025526
146 2.37855523
146 2.38940526
146 2.38800525
146 2.38865526
146 2.39255526
146 2.39270526
146 2.39025526
146 2.38790525
146 2.41260531
146 2.40555529
146 2.41445531
146 2.40530529
146 2.43930537
146 2.38790525
146 2.38755525
146 2.39450527
