626 6.93619144
626 6.90294052
626 6.90174049
626 6.90369054
626 3.86230660
626 3.86160658
626 3.86475667
626 3.86430665
626 4.16041483
626 4.16461494
626 4.16561497
626 4.16186487
626 3.84495612
626 3.85055628
626 3.84710618
626 3.85355636
626 3.91565807
626 3.91635809
626 3.91635809
626 3.91700811
626 4.54852554
626 4.56272593
626 4.54982558
626 4.54987558
626 4.14006427
626 4.14226433
626 4.14746447
626 4.14301435
626 4.54272538
626 4.53832526
626 4.53732523
626 4.54012531
626 3.82350553
626 3.82070545
626 3.81835539
626 3.82900568
626 4.14991454
626 4.15061456
626 4.14751447
626 4.15771475
626 7.64161091
626 7.64531101
626 7.64601103
626 7.64041088
626 3.76080380
626 3.76145382
626 3.75825373
626 3.76150382
626 4.02581111
626 4.00486053
626 3.98926010
626 3.99546027
626 4.36102036
626 4.28981840
626 4.33621968
626 4.30541883
626 4.20291600
626 4.19691583
626 4.19746585
626 4.19646582
626 4.01636085
626 4.01736088
626 4.02846119
626 4.02541110
626 3.74360332
626 3.75085352
626 3.75060352
626 3.74630340
626 4.51152452
626 4.50637438
626 4.50042421
626 4.50102423
626 4.11191349
626 4.11371354
626 4.10701335
626 4.10806338
626 4.32521938
626 4.32601940
626 4.33056952
626 4.33131954
626 3.95380913
626 4.19431576
626 3.90915789
626 3.90860788
626 7.11244630
626 7.11474637
626 7.10609613
626 7.10664614
626 4.23286683
626 4.23896700
626 4.23881699
626 4.23296683
626 4.19491578
626 4.19731585
626 4.20186597
626 4.19441577
626 4.91023552
626 4.91228558
626 4.91038553
626 4.91458564
626 4.00121043
626 3.99976039
626 4.00041041
626 3.99991040
626 4.88588485
626 4.87708461
626 4.87558457
626 4.87638459
626 4.46077312
626 4.46322318
626 4.45907307
626 4.46317318
626 3.67240136
626 3.67150133
626 3.67950155
626 3.67565145
626 4.08281269
626 4.08421272
626 4.08286269
626 4.08426273
