538 1.64288187
538 1.64278187
538 1.64868198
538 1.64293187
538 2.10189078
538 2.10064075
538 2.10169077
538 2.10114076
538 2.71830274
538 2.72065278
538 2.71805273
538 2.72195281
538 3.28806379
538 3.28886380
538 3.28691377
538 3.28666376
538 3.03740893
538 3.03655891
538 3.04025898
538 3.03590890
538 2.35399567
538 2.35324565
538 2.35384566
538 2.35424567
538 2.67320186
538 2.67325186
538 2.67245185
538 2.67785195
538 1.86583620
538 1.86698622
538 1.86618620
538 1.86653621
538 2.50574861
538 2.50624862
538 2.50589861
538 2.50604862
538 2.00678893
538 1.97413830
538 1.98308847
538 1.96003802
538 3.31471431
538 3.30661415
538 3.29461392
538 3.29226387
538 3.04755912
538 3.04275903
538 3.04580909
538 3.04255903
538 2.94400711
538 2.94310710
538 2.94520714
538 2.94300709
538 1.90638698
538 1.90733700
538 1.90708700
538 1.90823702
538 2.57574997
538 2.57564997
538 2.56914984
538 2.57054987
538 2.64000122
538 2.64440130
538 2.63970121
538 2.64135124
538 3.42206639
538 3.42271640
538 3.42346642
538 3.42646647
538 2.80520442
538 2.80040433
538 2.80050433
538 2.80130435
538 2.94385711
538 2.93500694
538 2.93485694
538 2.93495694
538 1.72168340
538 1.71688331
538 1.71718331
538 1.71763332
538 2.74480325
538 2.96060744
538 2.75300341
538 2.74370323
538 1.64433190
538 1.64273187
538 1.64298187
538 1.64278187
538 2.75390343
538 2.75525345
538 2.75205339
538 2.75780350
538 1.98548852
538 1.98558852
538 1.98683854
538 1.98438850
538 1.99018861
538 1.98843858
538 1.98948860
538 1.99033861
538 2.28099425
538 2.28574434
538 2.28434432
538 2.28044424
538 2.05843993
538 2.05603989
538 2.05588988
538 2.05663990
538 2.56194970
538 2.56029967
538 2.55974966
538 2.56239971
538 1.94848780
538 1.96348809
538 1.95608795
538 1.94848780
538 1.75963414
538 1.75918413
538 1.75978414
538 1.75913413
