818 5.59520087
818 5.58715058
818 5.58405047
818 5.58475049
818 5.12733407
818 5.12253390
818 5.12433396
818 5.10998345
818 4.40275806
818 4.41405846
818 4.40910829
818 4.41500850
818 7.40911599
818 7.40431581
818 7.40101570
818 7.39871561
818 4.30265447
818 4.30595458
818 4.31405487
818 4.30770465
818 7.37016459
818 7.36881454
818 7.36856453
818 7.37621481
818 4.25860288
818 4.28695390
818 4.26690318
818 4.25550277
818 4.44835970
818 4.44995975
818 4.44840970
818 4.45235984
818 7.73787779
818 7.72627737
818 7.74612809
818 7.70657667
818 4.35580637
818 4.36050654
818 4.36235661
818 4.34515599
818 7.27561119
818 7.28691160
818 7.28321147
818 7.27671123
818 7.08500435
818 7.09515472
818 7.08690442
818 7.09660477
818 7.08005417
818 7.06710371
818 7.07070384
818 7.07455398
818 4.32520527
818 4.32970544
818 4.31920506
818 4.31100477
818 5.62415191
818 5.63385226
818 5.62380189
818 5.61635163
818 7.15375682
818 7.15450685
818 7.14790661
818 7.14310644
818 7.28396149
818 7.28016136
818 7.27816129
818 7.29911204
818 4.34060583
818 4.32990544
818 4.31730499
818 4.30960471
818 6.50998371
818 6.50208342
818 6.51053373
818 6.52418422
818 5.61585161
818 5.62105180
818 5.62320187
818 5.61915173
818 6.94614937
818 7.25756055
818 7.15705694
818 7.16085707
818 6.73809190
818 6.73899193
818 6.74149202
818 6.74259206
818 7.08350430
818 7.08405432
818 7.06200353
818 7.05530329
818 4.34280591
818 4.34220589
818 4.34770608
818 4.34175587
818 7.13075599
818 7.11845555
818 7.12380574
818 7.11725551
818 6.62733792
818 6.62698791
818 6.62343778
818 6.62838796
818 4.62836616
818 4.60706539
818 4.60371527
818 4.60161520
818 5.87191080
818 5.87371087
818 5.87616095
818 5.87696098
818 7.37271468
818 7.38016495
818 7.37331470
818 7.37741485
818 4.68256810
818 4.68696826
818 4.68446817
818 4.69036838
