602 4.26272588
602 4.27377607
602 4.27197604
602 4.26262587
602 5.48079756
602 5.48514764
602 5.48069756
602 5.48369761
602 3.66251519
602 3.67191536
602 3.66636526
602 3.66556525
602 4.02872171
602 4.01877153
602 4.01852153
602 4.02637167
602 3.78231733
602 3.78406736
602 3.79151749
602 3.78421736
602 3.95622042
602 3.93982013
602 3.93752009
602 3.93702008
602 3.55821334
602 3.54901317
602 3.54891317
602 3.55601330
602 3.68621561
602 3.68651562
602 3.69206572
602 3.68811565
602 4.47242961
602 4.46672951
602 4.46692951
602 4.46672951
602 4.13217355
602 4.13392358
602 4.13417359
602 4.13462360
602 4.31532681
602 4.31997690
602 4.31787686
602 4.31432680
602 4.35162746
602 4.35242747
602 4.35537753
602 4.34187729
602 3.73716652
602 3.73696652
602 3.73931656
602 3.73671651
602 4.20507485
602 4.20327482
602 4.20437484
602 4.20087478
602 4.04017192
602 4.03562183
602 4.04237195
602 4.03652185
602 7.23237874
602 7.23012870
602 7.23862885
602 7.23602880
602 4.09567290
602 4.09482289
602 4.10402305
602 4.09472289
602 3.72276627
602 3.72291627
602 3.72276627
602 3.72261626
602 4.57668146
602 4.57768148
602 4.57368141
602 4.57208138
602 5.45354707
602 5.46039720
602 5.45354707
602 5.45364707
602 5.81880357
602 5.86065432
602 5.81600352
602 5.81785356
602 4.62493232
602 4.62528233
602 4.62513233
602 4.62568234
602 4.21512503
602 4.20812490
602 4.20832491
602 4.20727489
602 4.51318033
602 4.51718041
602 4.52218049
602 4.51143030
602 4.53893079
602 4.55678111
602 4.54498090
602 4.51008028
602 3.88946923
602 3.89036925
602 3.89226928
602 3.89021925
602 4.18162443
602 4.17647434
602 4.17587433
602 4.17602433
602 5.18859236
602 5.19589249
602 5.18474229
602 5.18409228
602 4.77338497
602 4.77183494
602 4.77493499
602 4.77228495
602 3.72281627
602 3.73051640
602 3.72916638
602 3.73481648
