710 4.12565206
710 4.12690206
710 4.13115207
710 4.12530206
710 4.17710209
710 4.17640209
710 4.18555209
710 4.17775209
710 4.16295208
710 4.14890207
710 4.15955208
710 4.15500208
710 4.34455217
710 4.34705217
710 4.34195217
710 4.34335217
710 7.25170363
710 7.25165363
710 7.24680362
710 7.24995362
710 4.30995215
710 4.31125216
710 4.29980215
710 4.29540215
710 4.33170217
710 4.33640217
710 4.33285217
710 4.33515217
710 4.28105214
710 4.27965214
710 4.27985214
710 4.28165214
710 6.95340348
710 6.94740347
710 6.95110348
710 6.95200348
710 4.05705203
710 4.06290203
710 4.05970203
710 4.05505203
710 7.29450365
710 7.28720364
710 7.29135365
710 7.29055365
710 4.51580226
710 4.51715226
710 4.51495226
710 4.51665226
710 4.38370219
710 4.37290219
710 4.38240219
710 4.37505219
710 4.50970225
710 4.36640218
710 4.36205218
710 4.36345218
710 4.18340209
710 4.18285209
710 4.18365209
710 4.19815210
710 3.96630198
710 3.96660198
710 3.96730198
710 3.98035199
710 7.14960357
710 7.14970357
710 7.14015357
710 7.13995357
710 5.41640271
710 5.41625271
710 5.42175271
710 5.41710271
710 4.14235207
710 4.13645207
710 4.14070207
710 4.13720207
710 4.24210212
710 4.23130212
710 4.23600212
710 4.22590211
710 4.11185206
710 4.29415215
710 4.11170206
710 4.11930206
710 7.31285366
710 7.30100365
710 7.30350365
710 7.29940365
710 4.19985210
710 4.20005210
710 4.20210210
710 4.19940210
710 4.24285212
710 4.24635212
710 4.24205212
710 4.24260212
710 4.43250222
710 4.42885221
710 4.43920222
710 4.42810221
710 7.11840356
710 7.12310356
710 7.12285356
710 7.11690356
710 4.34040217
710 4.34250217
710 4.34210217
710 4.33430217
710 7.30370365
710 7.30220365
710 7.31295366
710 7.30120365
710 7.28515364
710 7.16105358
710 7.15495358
710 7.15800358
710 4.35290218
710 4.35040218
710 4.33900217
710 4.35485218
