206 2.08155812
206 2.08220812
206 2.08865815
206 2.08135812
206 2.55270996
206 2.55185995
206 2.55100995
206 2.55695997
206 2.57511004
206 2.57361004
206 2.57301003
206 2.57406004
206 1.74655681
206 1.74160679
206 1.74065679
206 1.74000679
206 0.95310372
206 0.95350372
206 0.95840374
206 0.95290372
206 2.55190995
206 2.55130995
206 2.55725997
206 2.55220995
206 0.95400372
206 0.95750373
206 0.95385372
206 0.95570373
206 2.56311000
206 2.56671001
206 2.56371000
206 2.56436000
206 2.57341004
206 2.57321004
206 2.57321004
206 2.57461004
206 2.55150995
206 2.55170995
206 2.55575997
206 2.55140995
206 1.24525486
206 1.24455485
206 1.24620486
206 1.24930487
206 2.57331004
206 2.57336004
206 2.57251003
206 2.57206003
206 2.14375836
206 2.13975835
206 2.13820834
206 2.13990835
206 2.57396004
206 2.57366004
206 2.57691005
206 2.57431004
206 0.95010371
206 0.95005371
206 0.94990370
206 0.94920370
206 2.56521000
206 2.56436000
206 2.56506000
206 2.57571005
206 2.15700841
206 2.15910842
206 2.15660841
206 2.15760841
206 2.31920904
206 2.31380902
206 2.31715904
206 2.31480903
206 1.72750674
206 1.72695674
206 1.72660673
206 1.73555677
206 2.57251003
206 2.57356004
206 2.57571005
206 2.57351004
206 2.59461012
206 2.58086007
206 2.56696001
206 2.57201003
206 2.56891002
206 2.55220995
206 2.55180995
206 2.56100999
206 2.57941006
206 2.57251003
206 2.57241003
206 2.57351004
206 2.06555806
206 2.07040807
206 2.06440805
206 2.06585806
206 2.57341004
206 2.57261003
206 2.58191007
206 2.57411004
206 2.56321000
206 2.55255995
206 2.55605997
206 2.55740997
206 2.32335906
206 2.33195909
206 2.32845908
206 2.32330906
206 2.57406004
206 2.58421008
206 2.58121007
206 2.58771009
206 2.54760994
206 2.54970994
206 2.54835994
206 2.53935990
206 2.55550997
206 2.55205995
206 2.55205995
206 2.55745997
