934 7.51504694
934 7.49689671
934 7.49604670
934 7.49564669
934 7.34859480
934 7.34399474
934 7.34454474
934 7.33054456
934 6.91488920
934 6.91423919
934 6.92203929
934 6.91488920
934 6.90378906
934 6.90518908
934 6.91018914
934 6.90338905
934 5.77787453
934 5.78527463
934 5.78537463
934 5.77847454
934 6.93948952
934 6.94073954
934 6.93883951
934 6.93863951
934 7.26714375
934 7.23664335
934 7.23729336
934 7.23674335
934 4.84036244
934 4.83731240
934 4.83676239
934 4.83621239
934 4.90451327
934 4.90186323
934 4.91506340
934 4.91531341
934 5.63522269
934 5.63782273
934 5.63577270
934 5.63332267
934 7.29344409
934 7.30384422
934 7.29479410
934 7.29409409
934 6.59468507
934 6.59548508
934 6.59413506
934 6.59388506
934 6.35313196
934 6.32798163
934 6.32668161
934 6.32763163
934 7.21969313
934 7.21654309
934 7.21744311
934 7.22379319
934 7.46239626
934 7.46429629
934 7.46664632
934 7.46339628
934 5.96927700
934 5.97117703
934 5.98127716
934 5.97057702
934 6.74818705
934 6.75398713
934 6.74728704
934 6.74898706
934 6.91773924
934 6.93358944
934 6.91698923
934 6.91793924
934 7.52309705
934 7.51839699
934 7.51999701
934 7.52829712
934 7.15769233
934 7.15669232
934 7.15699233
934 7.16094238
934 7.46644632
934 7.47744646
934 7.45884622
934 7.46044624
934 7.23494333
934 7.22289318
934 7.22444320
934 7.22914326
934 6.85268840
934 6.85308840
934 6.86043850
934 6.85263840
934 6.81363790
934 6.81663793
934 6.82193800
934 6.81348789
934 5.02181478
934 5.02401481
934 5.03146491
934 5.02336480
934 4.67671033
934 4.67896036
934 4.67851035
934 4.68051038
934 7.10709168
934 7.10484165
934 7.11749182
934 7.10679168
934 7.25804363
934 7.26134367
934 7.27134380
934 7.26464371
934 7.05769104
934 6.97048992
934 6.96293982
934 6.96068979
934 7.04244085
934 7.13174200
934 7.04924094
934 7.04869093
