530 2.67806026
530 2.67836026
530 2.67746024
530 2.68241035
530 2.68996052
530 2.69001053
530 2.69036053
530 2.69011053
530 2.49735619
530 2.49725619
530 2.49565615
530 2.50380634
530 2.60775867
530 2.60570863
530 2.60610864
530 2.60420859
530 2.90131528
530 2.89996525
530 2.90111528
530 2.90516537
530 2.09254708
530 2.09369711
530 2.09284709
530 2.09404712
530 2.39060379
530 2.38880375
530 2.38970377
530 2.39040378
530 3.03426827
530 3.02546807
530 3.02641809
530 3.02716811
530 1.92469331
530 1.92469331
530 1.92539332
530 1.92469331
530 1.54383474
530 1.54368473
530 1.54693481
530 1.54358473
530 1.53733459
530 1.53648457
530 1.53663457
530 1.53638457
530 2.07534670
530 2.08034681
530 2.07699673
530 2.07519669
530 1.98099457
530 1.98729471
530 1.98089457
530 1.98084457
530 2.88166484
530 2.87951479
530 2.88021480
530 2.88041481
530 2.90956547
530 2.89876522
530 2.90366533
530 2.89841521
530 2.57685798
530 2.57835801
530 2.58175809
530 2.57855802
530 2.58455815
530 2.58415814
530 2.59055829
530 2.58460815
530 2.17249888
530 2.17584896
530 2.17059884
530 2.17219887
530 2.08499691
530 2.08529692
530 2.08424690
530 2.08454690
530 2.25435072
530 2.25435072
530 2.25515074
530 2.25455073
530 2.34345273
530 2.44830509
530 2.34330272
530 2.34160269
530 2.21229978
530 2.21149976
530 2.21234978
530 2.21309979
530 2.11639762
530 2.11209752
530 2.11319755
530 2.11264753
530 2.93536605
530 2.91531559
530 2.91761565
530 2.91846567
530 1.60998622
530 1.62208650
530 1.61198627
530 1.60418609
530 1.46693301
530 1.46613299
530 1.46618299
530 1.46603299
530 2.12199774
530 2.12214775
530 2.12079772
530 2.12264776
530 2.55730754
530 2.56290767
530 2.56175764
530 2.56195764
530 1.40698166
530 1.40748167
530 1.40668165
530 1.40738167
530 2.42110447
530 2.41950444
530 2.42355453
530 2.41930443
