374 1.91433350
374 1.91523352
374 1.90843340
374 1.90843340
374 2.72324766
374 2.72284765
374 2.72304765
374 2.72394767
374 1.99003483
374 1.99228486
374 1.98858480
374 1.98933481
374 2.38649176
374 2.38714177
374 2.39534192
374 2.38684177
374 2.40694212
374 2.40739213
374 2.41119220
374 2.40754213
374 1.78018115
374 1.77848112
374 1.77823112
374 1.77843112
374 1.51147645
374 1.51097644
374 1.51092644
374 1.51102644
374 2.81014918
374 2.82109937
374 2.82089937
374 2.81239922
374 1.08216894
374 1.08111892
374 1.07801887
374 1.07806887
374 1.07321878
374 1.07296878
374 1.07446880
374 1.07286878
374 2.80659912
374 2.81134920
374 2.80624911
374 2.80854915
374 2.71274747
374 2.71324748
374 2.71259747
374 2.71279747
374 2.03243557
374 2.03748566
374 2.03933569
374 2.03223556
374 2.83199956
374 2.83359959
374 2.83199956
374 2.83259957
374 1.59732795
374 1.59732795
374 1.59687795
374 1.59717795
374 2.25318943
374 2.25453945
374 2.25458946
374 2.25328943
374 2.79539892
374 2.79564892
374 2.79629894
374 2.79564892
374 2.81944934
374 2.81604928
374 2.81584928
374 2.81639929
374 2.81524927
374 2.81704930
374 2.81459926
374 2.81524927
374 2.59594543
374 2.59329538
374 2.59264537
374 2.59249537
374 2.81354924
374 2.97385204
374 2.81294923
374 2.81419925
374 2.79239887
374 2.79204886
374 2.79269887
374 2.79814897
374 2.34404102
374 2.34579105
374 2.34424102
374 2.34534104
374 2.22113887
374 2.22198888
374 2.22103887
374 2.22253889
374 1.95118415
374 1.95048413
374 1.94638406
374 1.96388437
374 1.94648406
374 1.94643406
374 1.94783409
374 1.94683407
374 2.79179886
374 2.79454890
374 2.79574893
374 2.79404890
374 2.81664929
374 2.81739930
374 2.81909933
374 2.81704930
374 2.41899233
374 2.42069236
374 2.41999235
374 2.42379242
374 1.64522879
374 1.65457896
374 1.64532879
374 1.64427877
