910 5.74520575
910 5.74745575
910 5.74045574
910 5.74250574
910 5.37840538
910 5.38200538
910 5.38435538
910 5.37835538
910 6.65885666
910 6.66345666
910 6.65795666
910 6.66840667
910 7.44060744
910 7.45215745
910 7.45290745
910 7.46690747
910 6.97375697
910 6.95955696
910 6.95440695
910 6.95040695
910 7.25505726
910 7.26650727
910 7.25005725
910 7.27240727
910 7.08775709
910 7.06320706
910 7.07665708
910 7.10585711
910 7.42175742
910 7.42795743
910 7.41990742
910 7.43665744
910 4.66535467
910 4.68445468
910 4.67565468
910 4.66910467
910 5.40050540
910 5.40005540
910 5.36950537
910 5.36345536
910 4.72260472
910 4.72690473
910 4.72720473
910 4.72905473
910 7.29125729
910 7.28420728
910 7.27905728
910 7.26235726
910 6.85055685
910 6.85325685
910 6.85895686
910 6.85065685
910 6.87095687
910 6.87360687
910 6.84940685
910 6.84695685
910 7.04425704
910 7.03370703
910 7.02940703
910 7.02935703
910 4.54405454
910 4.53890454
910 4.53895454
910 4.53810454
910 6.96510697
910 6.98605699
910 7.00685701
910 6.98470698
910 5.89685590
910 5.89360589
910 5.89310589
910 5.89180589
910 7.51820752
910 7.51350751
910 7.50810751
910 7.52490752
910 4.73630474
910 4.73700474
910 4.73995474
910 4.73545474
910 7.64395764
910 7.74845775
910 7.64855765
910 7.64610765
910 6.96640697
910 6.97190697
910 6.96575697
910 6.96625697
910 5.38605539
910 5.39195539
910 5.39395539
910 5.38760539
910 5.78535579
910 5.79265579
910 5.78530579
910 5.78680579
910 7.05585706
910 7.07395707
910 7.05560706
910 7.07590708
910 7.34815735
910 7.34125734
910 7.34245734
910 7.34145734
910 6.94760695
910 6.94090694
910 6.93950694
910 6.94935695
910 5.15755516
910 5.15675516
910 5.15585516
910 5.15800516
910 7.65770766
910 7.65190765
910 7.65340765
910 7.65870766
910 7.39710740
910 7.39575740
910 7.41450741
910 7.39615740
