110 2.20530221
110 2.20005220
110 2.20015220
110 2.20150220
110 2.19585220
110 2.19760220
110 2.19730220
110 2.19955220
110 0.82385082
110 0.82390082
110 0.82465082
110 0.82370082
110 0.82970083
110 0.83050083
110 0.82840083
110 0.82755083
110 0.83040083
110 0.83055083
110 0.83055083
110 0.83035083
110 2.20130220
110 2.20010220
110 2.20185220
110 2.20005220
110 2.18280218
110 2.18400218
110 2.18725219
110 2.18255218
110 2.20055220
110 2.20075220
110 2.20040220
110 2.20150220
110 2.05650206
110 2.07620208
110 2.05125205
110 2.05280205
110 2.20395220
110 2.20250220
110 2.20150220
110 2.20175220
110 2.19410219
110 2.19540220
110 2.19395219
110 2.19550220
110 2.20955221
110 2.20030220
110 2.19740220
110 2.19355219
110 2.19445219
110 2.19365219
110 2.19460219
110 2.19555220
110 2.18385218
110 2.18270218
110 2.18340218
110 2.18660219
110 2.20080220
110 2.20045220
110 2.20055220
110 2.20290220
110 2.21895222
110 2.21975222
110 2.21955222
110 2.21960222
110 2.20010220
110 2.20185220
110 2.19810220
110 2.19860220
110 2.19935220
110 2.19935220
110 2.20010220
110 2.20475220
110 2.19670220
110 2.19895220
110 2.19730220
110 2.20195220
110 2.18265218
110 2.18260218
110 2.18435218
110 2.18320218
110 2.19375219
110 2.19795220
110 2.19310219
110 2.19280219
110 2.18440218
110 2.18255218
110 2.18265218
110 2.18280218
110 0.82825083
110 0.82845083
110 0.82845083
110 0.82910083
110 2.19505220
110 2.19860220
110 2.19525220
110 2.19390219
110 0.82740083
110 0.82770083
110 0.82760083
110 0.82665083
110 2.18510219
110 2.18760219
110 2.18285218
110 2.18490218
110 2.19235219
110 2.19585220
110 2.19320219
110 2.19350219
110 2.20250220
110 2.20015220
110 2.20040220
110 2.20015220
110 2.20025220
110 2.20285220
110 2.20040220
110 2.19785220
110 0.82370082
110 0.82385082
110 0.82385082
110 0.82370082
