454 2.51419928
454 2.51319926
454 2.51469929
454 2.51399927
454 2.83215551
454 2.83395555
454 2.83790562
454 2.83275552
454 1.08957136
454 1.09027137
454 1.08972136
454 1.09027137
454 2.56440026
454 2.56470027
454 2.56465027
454 2.57205041
454 2.48979880
454 2.49769895
454 2.48954880
454 2.49559891
454 1.56588069
454 1.56598069
454 1.56673071
454 1.56568069
454 2.03513989
454 2.04399006
454 2.04023999
454 2.04379006
454 2.35434615
454 2.35479615
454 2.35429614
454 2.35499616
454 2.84390574
454 2.84650579
454 2.84930585
454 2.84620579
454 1.08732131
454 1.08497127
454 1.08492126
454 1.08492126
454 2.57665050
454 2.57495047
454 2.57630050
454 2.57550048
454 2.85625598
454 2.85670599
454 2.86120608
454 2.85630598
454 2.52834956
454 2.52829955
454 2.52824955
454 2.53004959
454 1.09042137
454 1.09497146
454 1.09037137
454 1.09027137
454 2.48574872
454 2.48284866
454 2.48204865
454 2.48279866
454 1.78138492
454 1.78248494
454 1.78138492
454 1.77938488
454 2.83345554
454 2.83245552
454 2.83925565
454 2.83400555
454 2.20979331
454 2.20989331
454 2.20969331
454 2.21069333
454 2.18304279
454 2.17829269
454 2.17774268
454 2.18494282
454 2.16864251
454 2.16829250
454 2.17309259
454 2.16849250
454 2.85650599
454 2.89850681
454 2.84725581
454 2.85580597
454 1.91713758
454 1.91748758
454 1.91728758
454 1.91803759
454 2.31429536
454 2.31504537
454 2.31344534
454 2.31784543
454 2.84485576
454 2.84580578
454 2.84490576
454 2.84555577
454 2.85430594
454 2.85670599
454 2.84540577
454 2.84485576
454 1.52432988
454 1.52477989
454 1.52392987
454 1.52392987
454 1.47697895
454 1.47692895
454 1.47847898
454 1.47682895
454 2.85600598
454 2.85125588
454 2.85660599
454 2.85170589
454 2.85565597
454 2.85610598
454 2.85610598
454 2.85510596
454 2.72570342
454 2.72080333
454 2.72105333
454 2.72080333
