562 2.59571376
562 2.60646381
562 2.59991378
562 2.59866377
562 4.07267159
562 4.07312159
562 4.07382159
562 4.07227158
562 2.86546519
562 2.86401518
562 2.86346518
562 2.86546519
562 2.89961537
562 2.89756536
562 2.89921537
562 2.89791536
562 2.99056585
562 2.99031585
562 2.99151586
562 2.99136585
562 2.88556529
562 2.88691530
562 2.88616530
562 2.88901531
562 3.81847024
562 3.82002025
562 3.82222026
562 3.82067025
562 4.73562510
562 4.74232513
562 4.73877512
562 4.73522510
562 3.52206867
562 3.51271862
562 3.51601863
562 3.51191861
562 3.14016664
562 3.14336666
562 3.13896664
562 3.13911664
562 3.35096776
562 3.35676779
562 3.35321777
562 3.35221777
562 3.74461985
562 3.74401984
562 3.74431984
562 3.74306984
562 3.88947061
562 3.88972062
562 3.99647118
562 3.92022078
562 3.60771912
562 3.62226920
562 3.60956913
562 3.60926913
562 3.32116760
562 3.32366762
562 3.32196761
562 3.32171761
562 4.02722134
562 4.02257132
562 4.02332132
562 4.02857135
562 2.75446460
562 2.75321459
562 2.76911468
562 2.77496471
562 3.26406730
562 3.26081728
562 3.26056728
562 3.26411730
562 3.58001897
562 3.58436900
562 3.58071898
562 3.58286899
562 3.13236660
562 3.12846658
562 3.12996659
562 3.12781658
562 3.94072089
562 3.98757113
562 3.92987083
562 3.93067083
562 3.90512070
562 3.90307069
562 3.90857072
562 3.90467069
562 3.62776923
562 3.62856923
562 3.62811923
562 3.62981924
562 2.96716573
562 2.96221570
562 2.96371571
562 2.96296570
562 2.56956362
562 2.56756361
562 2.56766361
562 2.56836361
562 4.15472202
562 4.15517202
562 4.15537202
562 4.15542202
562 4.00187121
562 4.00832124
562 3.99862119
562 3.99867119
562 3.00351592
562 3.00436592
562 3.00511593
562 3.00346592
562 3.44051823
562 3.44421825
562 3.43856822
562 3.43671821
562 3.01656599
562 3.01511598
562 3.01576598
562 3.02836605
