498 2.74344390
498 2.74534393
498 2.74789397
498 2.74444391
498 1.41917271
498 1.41822269
498 1.41987272
498 1.41817269
498 2.53594058
498 2.53709059
498 2.53569057
498 2.53104050
498 2.86854590
498 2.86824589
498 2.86849590
498 2.86989592
498 2.05333285
498 2.05683291
498 2.05323285
498 2.05318285
498 1.42607282
498 1.43002288
498 1.42587281
498 1.42577281
498 1.56407503
498 1.56322501
498 1.56402502
498 1.56392502
498 2.74844398
498 2.74859398
498 2.74914399
498 2.75074401
498 1.10036761
498 1.09956759
498 1.09876758
498 1.09971760
498 2.86824589
498 2.86924591
498 2.86839589
498 2.87744604
498 2.85809573
498 2.86014576
498 2.86209579
498 2.88004608
498 2.38363814
498 2.38643818
498 2.38448815
498 2.38523816
498 2.55409087
498 2.55539089
498 2.55474088
498 2.55309085
498 1.67027672
498 1.67002672
498 1.66987672
498 1.67017672
498 1.42602282
498 1.42592281
498 1.43452295
498 1.42662283
498 1.10326765
498 1.10321765
498 1.10336765
498 1.10386766
498 1.99918199
498 1.99918199
498 1.99948199
498 1.99908199
498 2.80839493
498 2.80799493
498 2.80974496
498 2.80909495
498 1.10036761
498 1.10386766
498 1.10026760
498 1.09971760
498 2.05328285
498 2.05323285
498 2.05308285
498 2.05263284
498 2.88449615
498 3.12259996
498 2.87309597
498 2.87189595
498 1.10111762
498 1.10116762
498 1.10026760
498 1.09951759
498 1.68442695
498 1.68242692
498 1.68267692
498 1.68302693
498 1.09481752
498 1.09436751
498 1.09441751
498 1.09436751
498 2.87684603
498 2.86869590
498 2.86809589
498 2.87184595
498 2.87444599
498 2.87084593
498 2.87079593
498 2.87099594
498 1.57012512
498 1.58412535
498 1.57722524
498 1.57237516
498 1.89443031
498 1.89293029
498 1.89128026
498 1.89123026
498 1.73167771
498 1.73042769
498 1.73002768
498 1.73017768
498 1.49267388
498 1.49342389
498 1.49177387
498 1.49252388
