314 2.77631166
314 2.77601166
314 2.77691166
314 2.77986168
314 2.75776158
314 2.75796158
314 2.75771158
314 2.75936159
314 2.39401005
314 2.39381005
314 2.39461006
314 2.40341009
314 2.03260854
314 2.02610851
314 2.02605851
314 2.02775852
314 2.21730931
314 2.21650931
314 2.21740931
314 2.21720931
314 2.77126164
314 2.76086160
314 2.76071159
314 2.76006159
314 2.76821163
314 2.76911163
314 2.76811163
314 2.76756162
314 1.99105836
314 1.99420838
314 1.99555838
314 1.98980836
314 2.75966159
314 2.75831158
314 2.75726158
314 2.77041164
314 1.02260429
314 1.02415430
314 1.02175429
314 1.02190429
314 2.35230988
314 2.35160988
314 2.35040987
314 2.35295988
314 2.76821163
314 2.76796163
314 2.76806163
314 2.76951163
314 2.76501161
314 2.76561162
314 2.75941159
314 2.76146160
314 2.76866163
314 2.76861163
314 2.76781162
314 2.76996163
314 1.01400426
314 1.01850428
314 1.01365426
314 1.01405426
314 1.68500708
314 1.68650708
314 1.68600708
314 1.68500708
314 2.15670906
314 2.15685906
314 2.15660906
314 2.15660906
314 2.76291160
314 2.76521161
314 2.75976159
314 2.76086160
314 2.75481157
314 2.75376157
314 2.75386157
314 2.75581157
314 2.77301165
314 2.77046164
314 2.77011163
314 2.77561166
314 2.08350875
314 2.14350900
314 2.08410875
314 2.08415875
314 2.74646154
314 2.74541153
314 2.74556153
314 2.74771154
314 1.51365636
314 1.51355636
314 1.51530636
314 1.51345636
314 2.77581166
314 2.76746162
314 2.76906163
314 2.76816163
314 1.67790705
314 1.67885705
314 1.68245707
314 1.68005706
314 1.61110677
314 1.61105677
314 1.61105677
314 1.61100677
314 2.41611015
314 2.40966012
314 2.41021012
314 2.40951012
314 2.76316161
314 2.75811158
314 2.75806158
314 2.76246160
314 2.76611162
314 2.76791163
314 2.76526161
314 2.76621162
314 1.26060529
314 1.26490531
314 1.26200530
314 1.26015529
