326 2.76273122
326 2.75753116
326 2.75873117
326 2.75823117
326 1.06961209
326 1.06846207
326 1.06916208
326 1.06916208
326 2.06037328
326 2.05877326
326 2.05687324
326 2.05147318
326 2.52852857
326 2.52202850
326 2.51887846
326 2.51887846
326 1.79747031
326 1.79722031
326 1.79742031
326 1.79852032
326 2.68768037
326 2.67193019
326 2.67143019
326 2.67118018
326 1.98822247
326 1.98822247
326 1.98812247
326 1.98817247
326 1.06456203
326 1.06371202
326 1.06371202
326 1.06931208
326 2.75803117
326 2.75898118
326 2.75718116
326 2.75808117
326 2.78888151
326 2.78903152
326 2.78948152
326 2.79263156
326 2.77018130
326 2.77168132
326 2.77123131
326 2.77008130
326 1.05946197
326 1.05941197
326 1.06016198
326 1.05941197
326 2.77883140
326 2.78718150
326 2.77948141
326 2.78003141
326 2.78838151
326 2.78798150
326 2.78823151
326 2.78878151
326 1.81717053
326 1.81887055
326 1.82817066
326 1.82507062
326 2.46242783
326 2.46147781
326 2.46227782
326 2.46292783
326 1.64111854
326 1.64176855
326 1.64356857
326 1.64106854
326 1.06781207
326 1.06451203
326 1.06541204
326 1.06516204
326 2.44702765
326 2.44572764
326 2.44712765
326 2.44712765
326 1.61126821
326 1.61101820
326 1.61091820
326 1.61116821
326 2.70633058
326 2.95898344
326 2.70778060
326 2.70683059
326 2.75813117
326 2.75818117
326 2.76188121
326 2.75843117
326 2.60732946
326 2.60077939
326 2.60222941
326 2.60147940
326 1.06826207
326 1.06821207
326 1.06821207
326 1.06821207
326 1.07341213
326 1.06906208
326 1.06746206
326 1.06921208
326 2.39172703
326 2.39157702
326 2.39782710
326 2.39437706
326 1.96967226
326 1.96952226
326 1.96957226
326 1.97032226
326 2.77003130
326 2.77013130
326 2.77263133
326 2.77043131
326 2.63942983
326 2.63442977
326 2.63422977
326 2.63557978
326 2.34967655
326 2.34502650
326 2.34467649
326 2.34497650
