574 3.64497151
574 3.64742152
574 3.64732152
574 3.64507151
574 3.27521932
574 3.26776928
574 3.26731928
574 3.27051930
574 4.88442882
574 4.88562883
574 4.88817884
574 4.88557882
574 3.56187102
574 3.55757099
574 3.55822099
574 3.55672098
574 4.17482463
574 4.16592458
574 4.16422457
574 4.16432457
574 2.87071694
574 2.87171694
574 2.87396696
574 2.87156694
574 6.18783651
574 6.18298648
574 6.18243648
574 6.18818651
574 3.43702028
574 3.43712028
574 3.43842029
574 3.43852029
574 4.38542587
574 4.40712600
574 4.40697600
574 4.41557605
574 4.36017573
574 4.35987572
574 4.36742577
574 4.36227574
574 3.27681933
574 3.27711934
574 3.28196936
574 3.27656933
574 4.42917613
574 4.42457610
574 4.42877613
574 4.42532611
574 5.29943127
574 5.30488130
574 5.30003127
574 5.29848126
574 3.39352002
574 3.39122001
574 3.39672004
574 3.39237001
574 4.01287368
574 4.01912371
574 4.01402368
574 4.01217367
574 4.09432416
574 4.09297415
574 4.09062413
574 4.10727423
574 3.33926970
574 3.33996971
574 3.34856976
574 3.35071977
574 3.47362049
574 3.47857052
574 3.47397050
574 3.47317049
574 3.70957189
574 3.70372185
574 3.70227184
574 3.70112184
574 4.27267521
574 4.27012519
574 4.27587523
574 4.27067520
574 5.62113316
574 5.64618331
574 5.43298205
574 5.43153205
574 6.07818586
574 6.09428596
574 6.08033587
574 6.07848586
574 4.11987431
574 4.11812430
574 4.12307433
574 4.11987431
574 3.69617181
574 3.69677181
574 3.69642181
574 3.69667181
574 4.19937478
574 4.20097479
574 4.22642494
574 4.21647488
574 3.68027171
574 3.68572175
574 3.68167172
574 3.68237173
574 3.93302320
574 3.93367321
574 3.93407321
574 3.94352327
574 4.38187585
574 4.39212591
574 4.38107585
574 4.38267586
574 4.39722594
574 4.40042596
574 4.40462599
574 4.40002596
574 3.47827052
574 3.47807052
574 3.48777058
574 3.47812052
