742 4.33997864
742 4.34592868
742 4.36942884
742 4.35207872
742 4.30077839
742 4.29477835
742 4.29372834
742 4.27867824
742 4.33727863
742 4.33912864
742 4.33632862
742 4.34357867
742 7.13144707
742 7.13274708
742 7.12739704
742 7.13199707
742 4.46627948
742 4.47017950
742 4.46702948
742 4.46617948
742 7.44099911
742 7.42789902
742 7.43089904
742 7.42534901
742 4.38132892
742 4.38742896
742 4.38777896
742 4.39357900
742 7.02079634
742 7.00874626
742 7.00164621
742 7.03339642
742 6.28904151
742 6.29264153
742 6.28719150
742 6.28739150
742 7.22794770
742 7.21034759
742 7.20849758
742 7.20619756
742 4.49632968
742 4.50382973
742 4.49377966
742 4.49322966
742 4.25442808
742 4.25877811
742 4.25982811
742 4.25497808
742 5.26078472
742 5.25313467
742 5.26388474
742 5.25448468
742 4.39507901
742 4.39442900
742 4.39982904
742 4.38457894
742 7.05379656
742 7.07254668
742 7.12759704
742 7.07769671
742 4.08627697
742 4.08752698
742 4.09092700
742 4.08647697
742 6.74124449
742 6.74784454
742 6.75454458
742 6.74494452
742 4.41617915
742 4.41522914
742 4.41362913
742 4.41427913
742 4.10587710
742 4.09032700
742 4.09242701
742 4.08157694
742 7.35734856
742 7.35929857
742 7.35234853
742 7.36459861
742 5.41358573
742 5.46928610
742 5.29223493
742 5.29213493
742 5.14668397
742 5.14433395
742 5.13808391
742 5.14023393
742 4.20492775
742 4.20402775
742 4.20632776
742 4.20857778
742 4.20052772
742 4.20172773
742 4.20432775
742 4.20172773
742 4.14827738
742 4.14182734
742 4.14572736
742 4.15912745
742 7.10269688
742 7.10774691
742 7.10414689
742 7.10629690
742 4.39427900
742 4.39562901
742 4.39222899
742 4.39877903
742 4.15797744
742 4.16197747
742 4.16227747
742 4.15862745
742 4.44642935
742 4.45117938
742 4.44552934
742 4.44967937
742 7.16734730
742 7.16479729
742 7.16959732
742 7.12164700
