878 6.65876265
878 6.66536266
878 6.66061266
878 6.65886265
878 6.76036284
878 6.76376285
878 6.76306285
878 6.75986284
878 7.53671432
878 7.52591430
878 7.52816430
878 7.52791430
878 7.09961349
878 7.12081353
878 7.11271351
878 7.10271350
878 4.82235916
878 4.82240916
878 4.82340916
878 4.82910918
878 7.53076431
878 7.66691457
878 7.53471432
878 7.53151431
878 7.22736373
878 7.22961374
878 7.20821370
878 7.20486369
878 7.01336333
878 7.02201334
878 7.01531333
878 7.01271332
878 7.29641386
878 7.29426386
878 7.31641390
878 7.31721390
878 4.98665947
878 4.98590947
878 4.98510947
878 4.98575947
878 6.92386316
878 6.92131315
878 6.92421316
878 6.92166315
878 7.18731366
878 7.18626365
878 7.18781366
878 7.19606367
878 7.03816337
878 7.03441337
878 7.03836337
878 7.03346336
878 4.44645845
878 4.43425843
878 4.43010842
878 4.43365842
878 4.49325854
878 4.49700854
878 4.49830855
878 4.49260854
878 5.05940961
878 5.05425960
878 5.05330960
878 5.05360960
878 4.65655885
878 4.65080884
878 4.65040884
878 4.65625885
878 7.59816444
878 7.60166444
878 7.61216446
878 7.60411445
878 7.29001385
878 7.29101385
878 7.28656384
878 7.29211386
878 4.61950878
878 4.61860878
878 4.61870878
878 4.61930878
878 4.61350877
878 4.73960901
878 4.62790879
878 4.62645879
878 6.92071315
878 6.94606320
878 6.93726318
878 6.93701318
878 4.28145813
878 4.27910813
878 4.27120812
878 4.27150812
878 7.23491375
878 7.24066376
878 7.23451375
878 7.23386374
878 7.53661432
878 7.53211431
878 7.52641430
878 7.53281431
878 7.22306372
878 7.22461373
878 7.22381373
878 7.23631375
878 6.78361289
878 6.78381289
878 6.78931290
878 6.78346289
878 7.45706417
878 7.46531418
878 7.46341418
878 7.45836417
878 7.39461405
878 7.38656403
878 7.39511405
878 7.38676403
878 7.44306414
878 7.42856411
878 7.42791411
878 7.44091414
