198 0.94720095
198 0.94610095
198 0.94560095
198 0.94615095
198 2.52900253
198 2.52645253
198 2.52635253
198 2.53200253
198 0.94635095
198 0.94540095
198 0.94635095
198 0.94625095
198 2.54840255
198 2.54990255
198 2.54680255
198 2.54765255
198 2.54700255
198 2.54690255
198 2.55140255
198 2.54915255
198 2.52640253
198 2.52720253
198 2.52630253
198 2.52805253
198 2.53905254
198 2.54010254
198 2.53980254
198 2.54375254
198 2.53960254
198 2.53980254
198 2.54240254
198 2.56390256
198 2.55385255
198 2.54705255
198 2.54765255
198 2.55060255
198 1.99070199
198 1.98910199
198 1.98905199
198 1.98965199
198 2.53800254
198 2.54775255
198 2.53815254
198 2.53755254
198 2.54330254
198 2.53935254
198 2.53975254
198 2.54060254
198 2.53185253
198 2.52650253
198 2.52805253
198 2.52720253
198 2.54000254
198 2.54335254
198 2.54080254
198 2.54140254
198 2.55290255
198 2.55315255
198 2.55240255
198 2.55385255
198 2.53815254
198 2.53990254
198 2.53900254
198 2.53825254
198 2.52655253
198 2.53235253
198 2.52650253
198 2.52965253
198 2.53770254
198 2.53860254
198 2.54130254
198 2.53910254
198 2.53985254
198 2.54115254
198 2.53930254
198 2.54040254
198 2.53835254
198 2.53735254
198 2.53750254
198 2.55445255
198 2.54055254
198 2.75460275
198 2.53890254
198 2.54125254
198 2.53050253
198 2.53310253
198 2.52650253
198 2.52715253
198 0.94640095
198 0.94630095
198 0.94525095
198 0.94870095
198 0.94965095
198 0.94920095
198 0.96105096
198 0.95570096
198 2.53835254
198 2.54610255
198 2.54220254
198 2.53820254
198 2.44400244
198 2.43035243
198 2.43110243
198 2.44175244
198 2.55285255
198 2.54830255
198 2.54680255
198 2.54380254
198 2.54710255
198 2.54800255
198 2.54615255
198 2.56130256
198 2.39925240
198 2.40085240
198 2.39190239
198 2.39340239
198 0.94180094
198 0.94185094
198 0.94865095
198 0.94170094
