658 4.06321828
658 4.06396829
658 4.06396829
658 4.06221828
658 4.23966908
658 4.24216909
658 4.22601902
658 4.22506901
658 4.14101863
658 4.14161864
658 4.14191864
658 4.13161859
658 3.88761749
658 3.88776749
658 3.88846750
658 3.88746749
658 7.47488364
658 7.46363359
658 7.46403359
658 7.46898361
658 4.78497153
658 4.78522153
658 4.78502153
658 4.78547153
658 6.99308147
658 6.98603144
658 6.98588144
658 6.98983145
658 3.83721727
658 3.83601726
658 3.83736727
658 3.83586726
658 5.51052480
658 5.49442472
658 5.49282472
658 5.49762474
658 7.20648243
658 7.20453242
658 7.20118241
658 7.20138241
658 4.36841966
658 4.36616965
658 4.36416964
658 4.36596965
658 4.63087084
658 4.63177084
658 4.63072084
658 4.62792083
658 6.98148142
658 6.99053146
658 6.98303142
658 6.98078141
658 3.98306792
658 3.97281788
658 3.96976786
658 3.96836786
658 6.95143128
658 6.95728131
658 6.97798140
658 6.95198128
658 4.58342063
658 4.58957065
658 4.59122066
658 4.58502063
658 4.52717037
658 4.52937038
658 4.52902038
658 4.53577041
658 4.10881849
658 4.10901849
658 4.11016850
658 4.10936849
658 4.56107052
658 4.55912052
658 4.55592050
658 4.55582050
658 6.17662779
658 6.18452783
658 6.17767780
658 6.17617779
658 4.30281936
658 4.65942097
658 4.26076917
658 4.26196918
658 4.16566875
658 4.16416874
658 4.16556875
658 4.16716875
658 3.85416734
658 3.85416734
658 3.85571735
658 3.85421734
658 4.08301837
658 4.08811840
658 4.08061836
658 4.08166837
658 4.31471942
658 4.31546942
658 4.31231941
658 4.31416941
658 4.43951998
658 4.44071998
658 4.44136999
658 4.44241999
658 6.74983037
658 6.75138038
658 6.74963037
658 6.75408039
658 4.11116850
658 4.12071854
658 4.11461852
658 4.11666853
658 7.14873217
658 7.14388215
658 7.14403215
658 7.14708216
658 4.03221814
658 4.03176814
658 4.03346815
658 4.03246815
