58 0.59705101
58 0.59670101
58 0.59725102
58 0.59655101
58 0.59640101
58 0.59680101
58 0.59690101
58 0.59760102
58 0.59200101
58 0.59285101
58 0.59165101
58 0.59175101
58 0.59480101
58 0.59455101
58 0.59470101
58 0.59495101
58 0.59785102
58 0.59700101
58 0.59965102
58 0.59640101
58 0.59520101
58 0.59535101
58 0.59485101
58 0.59460101
58 0.59175101
58 0.59155101
58 0.59215101
58 0.59205101
58 0.59415101
58 0.59525101
58 0.59695101
58 0.59445101
58 0.59390101
58 0.59505101
58 0.59440101
58 0.59510101
58 0.59870102
58 0.59875102
58 0.59860102
58 0.59825102
58 0.59500101
58 0.59480101
58 0.59400101
58 0.59620101
58 0.59505101
58 0.59555101
58 0.59400101
58 0.59500101
58 0.59720102
58 0.59770102
58 0.59555101
58 0.59720102
58 0.59225101
58 0.59180101
58 0.59255101
58 0.59175101
58 0.59470101
58 0.59450101
58 0.59545101
58 0.59575101
58 0.59565101
58 0.59490101
58 0.59695101
58 0.59755102
58 0.59555101
58 0.59525101
58 0.59415101
58 0.59470101
58 0.60490103
58 0.59905102
58 0.59205101
58 0.59195101
58 0.59500101
58 0.59370101
58 0.59515101
58 0.59415101
58 0.59705101
58 0.59600101
58 0.59700101
58 0.59730102
58 0.59590101
58 0.81490139
58 0.59515101
58 0.59595101
58 0.59165101
58 0.59215101
58 0.59185101
58 0.59190101
58 0.59800102
58 0.59690101
58 0.59635101
58 0.59750102
58 0.59785102
58 0.59710102
58 0.59820102
58 0.59695101
58 0.59710102
58 0.59830102
58 0.59885102
58 0.59750102
58 0.59165101
58 0.59245101
58 0.59190101
58 0.59175101
58 0.59445101
58 0.59480101
58 0.59435101
58 0.59495101
58 0.59490101
58 0.59525101
58 0.59365101
58 0.59470101
58 0.59625101
58 0.59760102
58 0.59675101
58 0.59700101
58 0.59485101
58 0.59480101
58 0.59415101
58 0.59450101
