986 7.38075501
986 7.37855491
986 7.38420518
986 7.38180506
986 5.99753848
986 6.04809091
986 5.97738751
986 5.97228727
986 7.14074347
986 7.13939340
986 7.14604372
986 7.14019344
986 6.20999870
986 6.22309933
986 6.19424794
986 6.18574753
986 6.79497684
986 6.79717694
986 6.79297674
986 6.79992708
986 6.99783660
986 6.99098627
986 7.00003670
986 6.99198631
986 7.46185892
986 7.44725821
986 7.45250847
986 7.45140841
986 7.38520523
986 7.38425518
986 7.38870540
986 7.39010546
986 5.92128481
986 5.91813466
986 5.92988523
986 5.92963522
986 6.86798035
986 6.86128003
986 6.86343013
986 6.86613026
986 6.23564993
986 6.24020015
986 6.27815198
986 6.23930011
986 6.71807314
986 6.72422344
986 6.71842316
986 6.73077375
986 5.84758127
986 5.81417966
986 5.81682979
986 5.81392965
986 5.51206513
986 5.50641486
986 5.50396474
986 5.50986502
986 7.71862127
986 7.71677118
986 7.71382103
986 7.71522110
986 7.00838710
986 7.00803709
986 7.03598843
986 7.01138725
986 7.24534850
986 7.24459847
986 7.25314888
986 7.24594853
986 5.78817841
986 5.78567829
986 5.78802840
986 5.78462824
986 7.40745630
986 7.40895637
986 7.40545620
986 7.40480617
986 7.54741303
986 7.55041317
986 7.55046318
986 7.54461290
986 5.44236178
986 5.70262430
986 5.44201176
986 5.44461189
986 7.49596056
986 7.49686060
986 7.49041029
986 7.63341717
986 6.57441623
986 6.57191611
986 6.57371620
986 6.57776639
986 6.98723609
986 6.98833614
986 6.99248634
986 6.99678655
986 6.75782505
986 6.76232527
986 6.76487539
986 6.77452585
986 6.97793564
986 6.98598603
986 6.98253586
986 6.97833566
986 6.72867365
986 6.72717358
986 6.72457345
986 6.72552350
986 5.01534124
986 5.02729181
986 5.02484169
986 5.02484169
986 6.99413642
986 6.99833662
986 6.99258634
986 6.99313637
986 7.09759139
986 7.08654086
986 7.08779092
986 7.08779092
