662 3.87276158
662 3.86486145
662 3.85961137
662 3.85606131
662 3.97591322
662 3.97646323
662 3.97691323
662 3.98556337
662 7.55257009
662 7.55182007
662 7.55677015
662 7.55162007
662 3.96896311
662 3.96916311
662 3.97021313
662 3.97761324
662 4.60957329
662 4.60362320
662 4.60302319
662 4.60522322
662 4.42172031
662 4.41837025
662 4.41642022
662 4.41647022
662 6.88860953
662 6.89950970
662 6.88890953
662 6.89150958
662 4.16836628
662 4.17181633
662 4.16861628
662 4.16796627
662 3.92396239
662 3.92521241
662 3.93351254
662 3.92656243
662 4.18616656
662 4.18611656
662 4.18866660
662 4.18601656
662 4.35011917
662 4.34451908
662 4.34146903
662 4.34106902
662 5.76194161
662 5.77954189
662 5.76314163
662 5.76274163
662 4.16836628
662 4.17341636
662 4.17131632
662 4.17361636
662 7.33296659
662 7.33756667
662 7.33551663
662 7.32606648
662 7.02216165
662 7.02676173
662 7.01561155
662 7.01481154
662 7.08471265
662 7.07281246
662 7.07396248
662 7.07241245
662 7.58147055
662 7.57902051
662 7.57917051
662 7.59777080
662 4.55362240
662 4.55272239
662 4.55347240
662 4.55692246
662 3.94311270
662 3.94526273
662 3.93946264
662 3.94446272
662 4.02426399
662 4.02891406
662 4.02426399
662 4.02241396
662 7.45236849
662 7.28526584
662 7.14786365
662 7.14696364
662 4.27701800
662 4.27766801
662 4.27981805
662 4.27691800
662 4.16426621
662 4.17021631
662 4.16436621
662 4.16411621
662 7.47846891
662 7.48666904
662 7.47876891
662 7.47846891
662 6.41725203
662 6.40640186
662 6.40965191
662 6.40635186
662 4.41152014
662 4.40732008
662 4.41077013
662 4.40086997
662 5.53643803
662 5.52393783
662 5.51763773
662 5.51843774
662 4.50312160
662 4.50407161
662 4.51422178
662 4.50292160
662 4.01006376
662 4.00921375
662 4.01416383
662 4.01366382
662 3.97326317
662 3.96321302
662 3.95466288
662 3.94166267
