518 2.49040249
518 2.49005249
518 2.49095249
518 2.49380249
518 1.14145114
518 1.14055114
518 1.14080114
518 1.14140114
518 1.09420109
518 1.09435109
518 1.09515110
518 1.09395109
518 2.67485267
518 2.66345266
518 2.66075266
518 2.67290267
518 1.76515177
518 1.76600177
518 1.76655177
518 1.76640177
518 1.74160174
518 1.74325174
518 1.74230174
518 1.74245174
518 2.58070258
518 2.58000258
518 2.58380258
518 2.58045258
518 1.10410110
518 1.10330110
518 1.10320110
518 1.10340110
518 2.84605285
518 2.85655286
518 2.84615285
518 2.84525285
518 1.11125111
518 1.10225110
518 1.10375110
518 1.10220110
518 1.61070161
518 1.61135161
518 1.60905161
518 1.61005161
518 2.51360251
518 2.51475251
518 2.51380251
518 2.51490251
518 2.15790216
518 2.14970215
518 2.14975215
518 2.14960215
518 2.13240213
518 2.13190213
518 2.13680214
518 2.13250213
518 1.10410110
518 1.10330110
518 1.10320110
518 1.10315110
518 2.87285287
518 2.86650287
518 2.86535287
518 2.86375286
518 2.77230277
518 2.77350277
518 2.77280277
518 2.77435277
518 2.02195202
518 2.02195202
518 2.02180202
518 2.02190202
518 2.00030200
518 2.00450200
518 2.00105200
518 2.00015200
518 1.10760111
518 1.10745111
518 1.10755111
518 1.11480111
518 2.13580214
518 2.27865228
518 2.13730214
518 2.13650214
518 2.85890286
518 2.85990286
518 2.85950286
518 2.86220286
518 2.00450200
518 2.00155200
518 2.00150200
518 2.00225200
518 2.81745282
518 2.81645282
518 2.81840282
518 2.81805282
518 1.73315173
518 1.72940173
518 1.72905173
518 1.72765173
518 1.09505110
518 1.09420109
518 1.09420109
518 1.09415109
518 2.24665225
518 2.24680225
518 2.24640225
518 2.24725225
518 2.46515247
518 2.46095246
518 2.45295245
518 2.45450245
518 2.68105268
518 2.68035268
518 2.68115268
518 2.68200268
518 1.39165139
518 1.40285140
518 1.39700140
518 1.39105139
