398 1.65730845
398 1.65980847
398 1.65795846
398 1.65650845
398 1.53055781
398 1.53135781
398 1.53280782
398 1.53050781
398 1.50455767
398 1.50420767
398 1.50415767
398 1.51020770
398 2.37921213
398 2.37586212
398 2.37556212
398 2.37656212
398 2.35771202
398 2.35406201
398 2.35446201
398 2.35421201
398 2.83181444
398 2.82641441
398 2.82371440
398 2.82136439
398 1.49470762
398 1.49470762
398 1.49435762
398 1.49460762
398 2.40256225
398 2.40171225
398 2.41061229
398 2.41336231
398 2.11641079
398 2.11411078
398 2.11586079
398 2.11476079
398 1.79480915
398 1.79725917
398 1.79560916
398 1.79790917
398 1.51795774
398 1.51630773
398 1.52560778
398 1.51620773
398 2.82786442
398 2.82711442
398 2.82791442
398 2.82711442
398 2.82821442
398 2.83496446
398 2.85106454
398 2.82696442
398 2.80756432
398 2.81176434
398 2.80741432
398 2.80921433
398 1.08120551
398 1.08040551
398 1.08025551
398 1.08130551
398 2.82906443
398 2.82486441
398 2.81911438
398 2.82016438
398 2.69966377
398 2.70141378
398 2.70111378
398 2.69976377
398 2.33081189
398 2.32501186
398 2.32561186
398 2.32571186
398 2.01801029
398 2.01786029
398 2.01696029
398 2.01866030
398 2.80781432
398 2.80851432
398 2.81201434
398 2.81006433
398 1.53070781
398 1.81330925
398 1.54170786
398 1.53215781
398 1.52370777
398 1.52805779
398 1.52405777
398 1.52320777
398 1.78565911
398 1.78665911
398 1.80355920
398 1.78215909
398 1.60430818
398 1.56805800
398 1.56870800
398 1.56825800
398 2.81476436
398 2.81426435
398 2.80446430
398 2.81821437
398 2.65166352
398 2.64941351
398 2.65476354
398 2.66121357
398 1.84275940
398 1.84165939
398 1.83240935
398 1.74295889
398 1.72185878
398 1.72255879
398 1.72160878
398 1.72415879
398 2.74776401
398 2.74791401
398 2.75001403
398 2.74936402
398 2.83446446
398 2.83821447
398 2.83451446
398 2.83501446
