922 5.40819283
922 5.37284124
922 5.37199120
922 5.37164119
922 5.62010234
922 5.62050236
922 5.61055191
922 5.61200198
922 7.23757497
922 7.23202472
922 7.23337478
922 7.23147469
922 7.41433290
922 7.39758215
922 7.39928223
922 7.40073229
922 7.17892233
922 7.17087197
922 7.17907234
922 7.17317208
922 7.04056612
922 7.04061612
922 7.05081658
922 7.04621638
922 7.52783800
922 7.66129399
922 7.52998810
922 7.52768799
922 7.42023317
922 7.40803262
922 7.40458247
922 7.40878265
922 7.24232518
922 7.24452528
922 7.24312522
922 7.24547532
922 7.34472978
922 7.34392974
922 7.35533025
922 7.34622985
922 5.58365071
922 5.58605081
922 5.56669994
922 5.56589991
922 7.19327298
922 7.20862367
922 7.19382300
922 7.19432303
922 7.55578925
922 7.55248911
922 7.55118905
922 7.55218909
922 7.38163144
922 7.37698123
922 7.37933133
922 7.38073139
922 7.10801915
922 7.10621907
922 7.11926966
922 7.10631907
922 7.44573431
922 7.45183459
922 7.44708437
922 7.44558431
922 7.50583701
922 7.50403693
922 7.53103814
922 7.52943807
922 7.42348331
922 7.42628344
922 7.42293329
922 7.42483338
922 7.20817365
922 7.20732361
922 7.21242384
922 7.20697359
922 7.10026880
922 7.10271891
922 7.12827006
922 7.10211889
922 7.54063857
922 7.77959930
922 7.60444144
922 7.58314048
922 7.20687359
922 7.21167380
922 7.20737361
922 7.20522351
922 7.00451450
922 6.98236351
922 6.97431315
922 6.97641324
922 4.43399909
922 4.42939888
922 4.43014891
922 4.42919887
922 7.47528564
922 7.48038587
922 7.47248551
922 7.47498563
922 6.85110761
922 6.85395774
922 6.84290725
922 6.84905752
922 4.81691628
922 4.81641626
922 4.81596624
922 4.81856635
922 7.58054037
922 7.57664019
922 7.57579015
922 7.58914075
922 7.32512890
922 7.32652896
922 7.33392929
922 7.32522890
922 7.03211574
922 7.03656594
922 7.04406628
922 7.03176573
