990 5.48615549
990 5.47950548
990 5.48085548
990 5.48590549
990 7.03735704
990 7.03465703
990 7.03310703
990 7.03350703
990 7.48890749
990 7.49735750
990 7.49190749
990 7.49445749
990 7.27275727
990 7.27315727
990 7.28090728
990 7.27280727
990 7.01450701
990 7.02420702
990 7.01130701
990 7.00885701
990 7.29995730
990 7.29895730
990 7.27410727
990 7.29365729
990 7.11965712
990 7.11725712
990 7.11445711
990 7.11975712
990 7.08335708
990 7.13805714
990 7.08610709
990 7.06470706
990 6.69525670
990 6.70165670
990 6.69790670
990 6.69610670
990 6.89650690
990 6.89150689
990 6.89585690
990 6.88955689
990 7.59490759
990 7.63600764
990 7.60075760
990 7.58665759
990 5.92660593
990 5.92460592
990 5.92300592
990 5.92365592
990 7.23420723
990 7.22840723
990 7.32680733
990 7.23250723
990 6.21325621
990 6.21380621
990 6.21250621
990 6.21690622
990 7.74175774
990 7.74975775
990 7.81750782
990 7.74630775
990 6.75405675
990 6.76300676
990 6.75160675
990 6.76075676
990 6.94255694
990 6.94590695
990 6.94060694
990 6.94065694
990 6.56855657
990 6.56755657
990 6.56935657
990 6.56445656
990 7.39875740
990 7.39580740
990 7.39570740
990 7.40120740
990 7.25595726
990 7.26285726
990 7.26035726
990 7.25770726
990 7.27195727
990 7.44610745
990 7.30655731
990 7.30495730
990 7.55435755
990 7.55710756
990 7.56085756
990 7.55480755
990 7.00120700
990 7.01100701
990 7.00080700
990 7.00245700
990 7.06320706
990 7.06555707
990 7.06150706
990 7.07115707
990 5.04735505
990 5.03975504
990 5.03800504
990 5.03950504
990 7.57540758
990 7.56830757
990 7.56965757
990 7.57290757
990 6.90765691
990 6.88605689
990 6.88620689
990 6.88395688
990 7.32470732
990 7.32510733
990 7.33740734
990 7.32455732
990 7.27675728
990 7.28195728
990 7.28035728
990 7.27455727
990 7.52690753
990 7.52710753
990 7.52205752
990 7.52290752
