382 2.09055084
382 2.09065084
382 2.09120084
382 2.09120084
382 1.70450068
382 1.70425068
382 1.70585068
382 1.70420068
382 1.76820071
382 1.76920071
382 1.77350071
382 1.76915071
382 1.55775062
382 1.55840062
382 1.55760062
382 1.55760062
382 2.27945091
382 2.27980091
382 2.27940091
382 2.27965091
382 1.79890072
382 1.79830072
382 1.79380072
382 1.79530072
382 2.81020112
382 2.81130112
382 2.81040112
382 2.81240112
382 2.67245107
382 2.67040107
382 2.66650107
382 2.66425107
382 2.63780106
382 2.63780106
382 2.63845106
382 2.63945106
382 1.07350043
382 1.07320043
382 1.07395043
382 1.07305043
382 2.59570104
382 2.59135104
382 2.58980104
382 2.59125104
382 2.62405105
382 2.62140105
382 2.62045105
382 2.62055105
382 2.05790082
382 2.05240082
382 2.05385082
382 2.05230082
382 1.08010043
382 1.07855043
382 1.07845043
382 1.07920043
382 1.89880076
382 1.89880076
382 1.89905076
382 1.89795076
382 1.89645076
382 1.89585076
382 1.88805076
382 1.89110076
382 2.79295112
382 2.79640112
382 2.79200112
382 2.79995112
382 2.49115100
382 2.49150100
382 2.49505100
382 2.49260100
382 2.07785083
382 2.07765083
382 2.07765083
382 2.07770083
382 1.86595075
382 1.86700075
382 1.86615075
382 1.87245075
382 2.19165088
382 2.37450095
382 2.18570087
382 2.18655087
382 2.79755112
382 2.79785112
382 2.79820112
382 2.79860112
382 1.08230043
382 1.08160043
382 1.08300043
382 1.08145043
382 1.74960070
382 1.74865070
382 1.74245070
382 1.74155070
382 2.83670113
382 2.82685113
382 2.82755113
382 2.82735113
382 2.43120097
382 2.43030097
382 2.43645097
382 2.43095097
382 1.18365047
382 1.18375047
382 1.18360047
382 1.18350047
382 2.81290113
382 2.81245112
382 2.81125112
382 2.81335113
382 1.08215043
382 1.08900044
382 1.08210043
382 1.08240043
382 1.07325043
382 1.07825043
382 1.07815043
382 1.07480043
