810 6.87319966
810 6.87889974
810 6.88349981
810 6.87174964
810 5.71248283
810 5.71533287
810 5.71778291
810 5.71343284
810 5.65928206
810 5.66518215
810 5.66808219
810 5.66063208
810 7.32220617
810 7.31840612
810 7.32080615
810 7.31590608
810 6.98325126
810 6.99150138
810 6.98865134
810 6.98445127
810 4.30516242
810 4.31466256
810 4.30656245
810 4.29111222
810 4.16371037
810 4.16511039
810 4.17641056
810 4.18441067
810 4.41046395
810 4.41081396
810 4.40376385
810 4.42486416
810 4.71471836
810 4.70631824
810 4.67181774
810 4.66881770
810 4.81961988
810 4.80486967
810 4.76091903
810 4.75266891
810 7.43815785
810 7.43640783
810 7.43375779
810 7.41135746
810 7.45565811
810 7.42865772
810 7.41840757
810 7.41235748
810 4.45471459
810 4.44846450
810 4.45066453
810 4.46416473
810 4.39426372
810 4.38696361
810 4.37636346
810 4.38021351
810 7.07180254
810 7.06785248
810 7.06100238
810 7.06220240
810 4.43306428
810 4.42316414
810 4.43016424
810 4.43856436
810 7.70756176
810 7.67246125
810 7.66796119
810 7.66721117
810 7.58495998
810 7.58230994
810 7.56050963
810 7.55505955
810 7.11015310
810 7.10040296
810 7.11390315
810 7.12685334
810 7.03355199
810 7.03690204
810 7.03680203
810 7.03575202
810 7.64336083
810 7.89361446
810 7.67886134
810 7.68321141
810 6.93625058
810 6.93805060
810 6.94225066
810 6.93865061
810 7.11150312
810 7.12610333
810 7.13980353
810 7.13840351
810 5.40937844
810 5.41487852
810 5.40962844
810 5.41517852
810 7.24880511
810 7.25465519
810 7.24730509
810 7.24835510
810 7.08065267
810 7.07830264
810 7.07615260
810 7.08840278
810 4.95077179
810 4.94862176
810 4.94927176
810 4.94792174
810 7.35670667
810 7.35810669
810 7.35355663
810 7.35770669
810 7.24325503
810 7.24425504
810 7.25155515
810 7.24675508
810 7.01260168
810 7.00240153
810 7.00765161
810 7.00140152
