1014 7.37492376
1014 7.23586765
1014 7.23971782
1014 7.23961782
1014 7.44987705
1014 7.45507728
1014 7.44647690
1014 7.44752695
1014 5.44963924
1014 5.45203934
1014 5.45518948
1014 5.45223935
1014 6.79939849
1014 6.80304865
1014 6.79699839
1014 6.79749841
1014 6.88915243
1014 6.88815239
1014 6.88375220
1014 6.88290216
1014 6.90855329
1014 6.90505313
1014 6.90660320
1014 6.91020336
1014 7.57023233
1014 7.55118150
1014 7.53768090
1014 7.53398074
1014 7.20941649
1014 7.21351667
1014 7.20976651
1014 7.21336667
1014 6.98305656
1014 6.98720674
1014 6.98130648
1014 6.98700673
1014 7.20716639
1014 7.22071699
1014 7.20411626
1014 7.20501630
1014 6.21732294
1014 6.21512284
1014 6.21637290
1014 6.22397323
1014 7.19181572
1014 7.16876471
1014 7.16131438
1014 7.18006520
1014 7.30047049
1014 7.30072050
1014 7.30352062
1014 7.30537071
1014 7.50427944
1014 7.50937966
1014 7.51102973
1014 7.50672955
1014 7.39202451
1014 7.39252453
1014 7.38887437
1014 7.38997442
1014 7.45322720
1014 7.45262717
1014 7.45142712
1014 7.46002750
1014 5.53514299
1014 5.53224287
1014 5.53144283
1014 5.54084324
1014 6.88550227
1014 6.88720235
1014 6.88855241
1014 6.88560228
1014 6.94600493
1014 6.94525490
1014 6.93085426
1014 6.92370395
1014 6.03791506
1014 6.04261527
1014 6.03776506
1014 6.04221525
1014 7.34147229
1014 7.22036697
1014 7.13366317
1014 7.12651285
1014 7.12846294
1014 7.12991300
1014 7.12356272
1014 7.12496279
1014 5.77840367
1014 5.77275342
1014 5.77100335
1014 5.77475351
1014 6.76059679
1014 6.75674662
1014 6.75669662
1014 6.75659661
1014 5.64829796
1014 5.64244770
1014 5.64319774
1014 5.64709791
1014 7.48882876
1014 7.48602864
1014 7.49027882
1014 7.49067884
1014 7.06341008
1014 7.06641022
1014 7.07801072
1014 7.06346009
1014 7.39582468
1014 7.39382459
1014 7.36712342
1014 7.36062313
1014 6.79724840
1014 6.79924849
1014 6.78974807
1014 6.79189816
1014 7.04200914
1014 7.03620889
1014 7.03660891
1014 7.04015906
