366 2.80069145
366 2.80319149
366 2.80004144
366 2.80009144
366 2.80599153
366 2.80484151
366 2.79964143
366 2.80079145
366 2.78789126
366 2.78779126
366 2.78779126
366 2.79204132
366 2.28048375
366 2.28148377
366 2.28123376
366 2.28143377
366 1.82907707
366 1.82892707
366 1.82982708
366 1.82982708
366 2.80664154
366 2.80874157
366 2.80154146
366 2.80319149
366 1.07276588
366 1.07296588
366 1.07266588
366 1.07271588
366 1.07786595
366 1.07866596
366 1.07781595
366 1.07851596
366 1.55887307
366 1.55887307
366 1.56377314
366 1.56657319
366 2.81214162
366 2.81044159
366 2.81144161
366 2.81034159
366 1.08101600
366 1.08321603
366 1.08186601
366 1.08131600
366 2.68418973
366 2.69278985
366 2.68503974
366 2.68978981
366 2.60363853
366 2.60438854
366 2.60378854
366 2.60508856
366 1.44177134
366 1.44092133
366 1.44822143
366 1.44317136
366 2.20978270
366 2.20793268
366 2.20793268
366 2.21058272
366 1.72452552
366 1.72477553
366 1.72587554
366 1.72462552
366 1.53642274
366 1.53797276
366 1.53882277
366 1.53627274
366 1.07431590
366 1.07306588
366 1.07346589
366 1.07276588
366 1.29566918
366 1.29586918
366 1.29581918
366 1.29551917
366 2.80404150
366 2.80399150
366 2.81334164
366 2.80289148
366 2.76314089
366 2.92984336
366 2.76309089
366 2.76404091
366 2.81049160
366 2.80264148
366 2.80474151
366 2.80374150
366 2.78799126
366 2.78779126
366 2.78864127
366 2.78859127
366 1.93227860
366 1.93257860
366 1.93242860
366 1.93237860
366 1.66157459
366 1.65737453
366 1.65557450
366 1.65557450
366 2.05893047
366 2.05963048
366 2.06038049
366 2.06728060
366 1.81427685
366 1.82042694
366 1.81447685
366 1.81422685
366 2.36613502
366 2.36508500
366 2.36448499
366 2.36618502
366 2.81574167
366 2.80024144
366 2.80019144
366 2.80074145
366 2.04528027
366 2.04483026
366 2.04473026
366 2.04403025
