650 4.39578297
650 4.39708298
650 4.39713298
650 4.40338303
650 4.35918269
650 4.35523266
650 4.35083263
650 4.34993262
650 4.25893194
650 4.24958187
650 4.25018188
650 4.24873187
650 4.28593214
650 4.28503214
650 4.29533221
650 4.29013218
650 4.38813291
650 4.38873292
650 4.38923292
650 4.40603305
650 5.66424248
650 5.66284247
650 5.66314247
650 5.80679355
650 4.41473311
650 4.41393310
650 4.41323310
650 4.41308310
650 7.55200664
650 7.54690660
650 7.54535659
650 7.54920662
650 4.10763081
650 4.11758088
650 4.11648087
650 4.09868074
650 4.67638507
650 4.66948502
650 4.66983502
650 4.66893502
650 3.99392995
650 3.99297995
650 4.00028000
650 3.99102993
650 4.75218564
650 4.75053563
650 4.75238564
650 4.75758568
650 7.37915534
650 7.37925534
650 7.38625540
650 7.37880534
650 4.47593357
650 4.48043360
650 4.47703358
650 4.48468364
650 7.34885512
650 7.34880512
650 7.35335515
650 7.34765511
650 3.93162949
650 3.93147949
650 3.93262949
650 3.92587944
650 4.31978240
650 4.31953240
650 4.31893239
650 4.32038240
650 3.80187851
650 3.79717848
650 3.79847849
650 3.79672848
650 4.04163031
650 4.04153031
650 4.05093038
650 4.04173031
650 4.41868314
650 4.41863314
650 4.41938315
650 4.41908314
650 5.09328820
650 5.10083826
650 4.96503724
650 4.99878749
650 4.02353018
650 4.02263017
650 4.02578019
650 4.02263017
650 5.27013953
650 5.26718950
650 5.26768951
650 5.26668950
650 5.31318985
650 5.27673958
650 5.27298955
650 5.27328955
650 4.07128053
650 4.07183054
650 4.07508056
650 4.07098053
650 3.89702923
650 3.90677930
650 3.90742931
650 3.92397943
650 4.36808276
650 4.36648275
650 4.36698275
650 4.36743276
650 3.79952850
650 3.80392853
650 3.80072851
650 3.79892849
650 4.20163151
650 4.19993150
650 4.21028158
650 4.20563154
650 4.20393153
650 4.20563154
650 4.20573154
650 4.20438153
