510 1.91058344
510 1.90198328
510 1.90363331
510 1.90213329
510 1.57217751
510 1.57227751
510 1.57232752
510 1.57292753
510 2.14248749
510 2.14163748
510 2.14228749
510 2.14093747
510 1.74008045
510 1.75038063
510 1.73913043
510 1.74088047
510 1.44212524
510 1.44232524
510 1.44317526
510 1.44247524
510 1.85358244
510 1.85228241
510 1.85388244
510 1.85258242
510 2.20063851
510 2.20033851
510 2.20033851
510 2.20128852
510 2.88165043
510 2.88990057
510 2.88365046
510 2.88220044
510 2.31324048
510 2.30909041
510 2.30894041
510 2.31039043
510 1.09901923
510 1.09946924
510 1.09871923
510 1.09941924
510 2.23338908
510 2.23348909
510 2.23473911
510 2.23308908
510 2.24063921
510 2.23998920
510 2.23978920
510 2.24138922
510 1.56507739
510 1.56502739
510 1.57017748
510 1.56572740
510 2.67249677
510 2.67359679
510 2.67129675
510 2.67074674
510 2.12208714
510 2.12003710
510 2.12113712
510 2.12073711
510 2.78804879
510 2.79269887
510 2.79024883
510 2.78864880
510 2.89120060
510 2.89030058
510 2.89070059
510 2.89770071
510 1.68002940
510 1.69427965
510 1.67957939
510 1.67902938
510 1.10356931
510 1.10256929
510 1.10251929
510 1.10276930
510 2.25703950
510 2.25573948
510 2.25458946
510 2.25558947
510 1.09956924
510 1.28457248
510 1.09966924
510 1.09951924
510 1.61932834
510 1.61957834
510 1.61927834
510 1.62027835
510 2.73054778
510 2.72399767
510 2.72139762
510 2.71339748
510 2.21578878
510 2.21638879
510 2.21538877
510 2.22523894
510 2.37129150
510 2.36974147
510 2.36984147
510 2.37064149
510 2.03963569
510 2.03958569
510 2.04023570
510 2.04028570
510 2.63974620
510 2.64154623
510 2.63469611
510 2.63479611
510 2.01518527
510 2.01438525
510 2.01443525
510 2.01423525
510 2.26523964
510 2.26418962
510 2.26543965
510 2.26438963
510 1.61857833
510 1.61927834
510 1.61837832
510 1.61937834
