74 1.17720118
74 1.17845118
74 1.17925118
74 1.17795118
74 1.17190117
74 1.16920117
74 1.17110117
74 1.17020117
74 1.17410117
74 1.17535118
74 1.17455117
74 1.17350117
74 1.16880117
74 1.16905117
74 1.16760117
74 1.16740117
74 1.17430117
74 1.17195117
74 1.17405117
74 1.17810118
74 0.70570071
74 0.70380070
74 0.70495070
74 0.70360070
74 1.17665118
74 1.17665118
74 1.17820118
74 1.17505118
74 1.16540117
74 1.16730117
74 1.16795117
74 1.16810117
74 1.17495117
74 1.17575118
74 1.17650118
74 1.17815118
74 1.17445117
74 1.17620118
74 1.17395117
74 1.17690118
74 1.16765117
74 1.16815117
74 1.16755117
74 1.16920117
74 1.17425117
74 1.17750118
74 1.17705118
74 1.17785118
74 0.70350070
74 0.70475070
74 0.70450070
74 0.70395070
74 1.17915118
74 1.17765118
74 1.18040118
74 1.17420117
74 1.16670117
74 1.16780117
74 1.16405116
74 1.16550117
74 1.17300117
74 1.17285117
74 1.17370117
74 1.17235117
74 1.17965118
74 1.19240119
74 1.18200118
74 1.17425117
74 0.70550071
74 0.70370070
74 0.70945071
74 0.70370070
74 1.16830117
74 1.16510117
74 1.16580117
74 1.16760117
74 1.16995117
74 1.17145117
74 1.17350117
74 1.17025117
74 1.17420117
74 1.38385138
74 1.17330117
74 1.17435117
74 1.16855117
74 1.16700117
74 1.17060117
74 1.16690117
74 1.17300117
74 1.17185117
74 1.17215117
74 1.17155117
74 1.18065118
74 1.17965118
74 1.17905118
74 1.17890118
74 1.17425117
74 1.17300117
74 1.17105117
74 1.17260117
74 1.16855117
74 1.16570117
74 1.16985117
74 1.16850117
74 1.17580118
74 1.17775118
74 1.17460117
74 1.17820118
74 0.70200070
74 0.70205070
74 0.70150070
74 0.70065070
74 1.18220118
74 1.17930118
74 1.18015118
74 1.18185118
74 1.16865117
74 1.16545117
74 1.16395116
74 1.17090117
