722 4.81024431
722 4.81184436
722 4.81499445
722 4.81169435
722 4.39173175
722 4.38788164
722 4.38833165
722 4.38758163
722 7.23071692
722 7.23166695
722 7.22846685
722 7.23776713
722 4.36298089
722 4.35578067
722 4.35298059
722 4.35118054
722 7.52272568
722 7.52587578
722 7.52042561
722 7.52682580
722 4.47203416
722 4.46688401
722 4.46878406
722 4.46678400
722 6.89795694
722 6.90165705
722 6.89595688
722 6.90060702
722 4.17942538
722 4.16862506
722 4.17067512
722 4.17632529
722 7.23121694
722 7.23396702
722 7.22896687
722 7.23351701
722 7.34882046
722 7.34342030
722 7.34177025
722 7.34532036
722 5.05765173
722 5.05765173
722 5.06215186
722 5.05980179
722 7.28501855
722 7.28161845
722 7.28086843
722 7.29131874
722 4.27157815
722 4.27377821
722 4.27427823
722 4.27657830
722 4.56018681
722 4.55488665
722 4.56788704
722 4.55463664
722 4.19682590
722 4.19827595
722 4.19487585
722 4.19272578
722 4.47783434
722 4.47313419
722 4.47453424
722 4.47693431
722 7.42222267
722 7.42077262
722 7.42387272
722 7.42012260
722 4.75494265
722 4.75304259
722 4.75389262
722 4.74994250
722 4.18427553
722 4.18027541
722 4.18132544
722 4.18147544
722 4.44583338
722 4.44238327
722 4.44138324
722 4.44523336
722 4.34343030
722 4.43383301
722 4.31882956
722 4.33242997
722 4.43463304
722 4.42683280
722 4.43113293
722 4.42853286
722 4.24232727
722 4.23697711
722 4.23852716
722 4.23807714
722 7.52097563
722 7.51367541
722 7.50822525
722 7.50662520
722 4.23747712
722 4.22902687
722 4.22657680
722 4.22892687
722 4.34868046
722 4.33968019
722 4.34483034
722 4.33583007
722 4.07167215
722 4.06407192
722 4.05607168
722 4.05727172
722 4.17452524
722 4.17627529
722 4.17557527
722 4.17817535
722 4.87819635
722 4.88089643
722 4.87684631
722 4.87649629
722 6.89915697
722 6.90540716
722 6.89955699
722 6.90430713
