874 7.03529076
874 7.02959068
874 7.00984043
874 7.00759040
874 6.97578999
874 6.97694000
874 6.97729001
874 6.98069005
874 4.49515799
874 4.48205782
874 4.48195782
874 4.48125781
874 4.82481224
874 4.82211221
874 4.82306222
874 4.81996218
874 7.26264369
874 7.25884364
874 7.25259356
874 7.25684361
874 6.94068953
874 6.94523959
874 6.94178955
874 6.94373957
874 7.29194407
874 7.28039392
874 7.27309382
874 7.27564386
874 4.43725724
874 4.43675723
874 4.44155730
874 4.43705724
874 7.34609476
874 7.34389474
874 7.35939494
874 7.36949507
874 4.48165781
874 4.47905778
874 4.48225782
874 4.47965779
874 7.53989726
874 7.53744723
874 7.53574721
874 7.54054727
874 4.55840880
874 4.55775880
874 4.56245886
874 4.55720879
874 4.59510928
874 4.58710917
874 4.58435914
874 4.58410914
874 4.81981218
874 4.81986218
874 4.81726214
874 4.81656213
874 6.54008437
874 6.54493443
874 6.53988436
874 6.53843435
874 5.11741601
874 5.13126619
874 5.11666600
874 5.11746602
874 4.74336119
874 4.74641123
874 4.75091129
874 4.74641123
874 4.88856306
874 4.89001308
874 4.89021308
874 4.89356313
874 7.39129535
874 7.40099547
874 7.39554540
874 7.39394538
874 6.66188594
874 6.66233594
874 6.66633600
874 6.66583599
874 7.43704594
874 7.59569798
874 7.49764672
874 7.50804685
874 6.04357796
874 6.04662800
874 6.04737801
874 6.04337796
874 7.04464088
874 7.04044082
874 7.04429087
874 7.03874080
874 7.48804660
874 7.46594631
874 7.46489630
874 7.47369641
874 6.89308892
874 6.89298892
874 6.89788898
874 6.89743898
874 7.19424281
874 7.19554282
874 7.20244291
874 7.19529282
874 7.00024030
874 7.00729039
874 7.00339034
874 7.00089031
874 4.35025612
874 4.35695620
874 4.34885610
874 4.34905610
874 7.34489475
874 7.35214484
874 7.34839479
874 7.34549476
874 6.69298634
874 6.68508624
874 6.68838628
874 6.68583625
