78 1.39765140
78 1.39645140
78 1.39220139
78 1.39885140
78 0.71685072
78 0.72220072
78 0.71680072
78 0.72075072
78 1.39560140
78 1.39140139
78 1.39955140
78 1.39165139
78 0.71975072
78 0.72005072
78 0.72035072
78 0.71895072
78 1.52840153
78 1.52725153
78 1.53240153
78 1.52970153
78 1.38510139
78 1.38770139
78 1.39240139
78 1.38345138
78 1.39785140
78 1.39725140
78 1.39845140
78 1.39155139
78 1.39960140
78 1.39130139
78 1.39460139
78 1.39905140
78 1.39410139
78 1.39345139
78 1.40555141
78 1.39440139
78 1.38890139
78 1.38500139
78 1.37635138
78 1.38530139
78 1.39655140
78 1.38875139
78 1.39185139
78 1.39490139
78 1.39645140
78 1.39625140
78 1.40530141
78 1.39590140
78 1.37965138
78 1.38215138
78 1.38400138
78 1.38545139
78 1.39005139
78 1.39385139
78 1.38985139
78 1.39340139
78 1.52730153
78 1.52670153
78 1.52575153
78 1.52995153
78 1.38760139
78 1.38990139
78 1.39890140
78 1.39435139
78 1.38290138
78 1.38460138
78 1.38580139
78 1.39115139
78 1.39380139
78 1.39990140
78 1.39365139
78 1.39775140
78 0.72275072
78 0.72280072
78 0.72345072
78 0.72275072
78 0.72425072
78 0.72300072
78 0.72655073
78 0.73070073
78 1.39670140
78 1.51410151
78 1.39740140
78 1.38685139
78 1.38385138
78 1.37655138
78 1.38295138
78 1.40330140
78 1.39740140
78 1.39600140
78 1.38555139
78 1.39135139
78 1.39830140
78 1.40795141
78 1.40630141
78 1.39935140
78 1.39450139
78 1.40570141
78 1.39685140
78 1.39805140
78 1.38215138
78 1.38755139
78 1.38715139
78 1.38030138
78 0.72065072
78 0.71920072
78 0.72240072
78 0.72070072
78 1.53945154
78 1.52010152
78 1.52205152
78 1.52335152
78 1.39405139
78 1.38550139
78 1.39285139
78 1.39395139
78 1.38125138
78 1.39690140
78 1.38995139
78 1.37805138
