210 0.95630096
210 0.95840096
210 0.95645096
210 0.95720096
210 2.58730259
210 2.57990258
210 2.58150258
210 2.57970258
210 2.58890259
210 2.58025258
210 2.57315257
210 2.57200257
210 0.94965095
210 0.94900095
210 0.94890095
210 0.94890095
210 2.57250257
210 2.56985257
210 2.57060257
210 2.57065257
210 2.57040257
210 2.57055257
210 2.56900257
210 2.58510259
210 2.56975257
210 2.57275257
210 2.56875257
210 2.57125257
210 0.94900095
210 0.95430095
210 0.94895095
210 0.94890095
210 2.21195221
210 2.21365221
210 2.21350221
210 2.21285221
210 2.23135223
210 2.22985223
210 2.23045223
210 2.22980223
210 2.55880256
210 2.55885256
210 2.55930256
210 2.56440256
210 2.57015257
210 2.58060258
210 2.57290257
210 2.57165257
210 2.57810258
210 2.57780258
210 2.57555258
210 2.57540258
210 2.03260203
210 2.03250203
210 2.03255203
210 2.03180203
210 2.05785206
210 2.05760206
210 2.06240206
210 2.05750206
210 2.57740258
210 2.58025258
210 2.57610258
210 2.57550258
210 0.95620096
210 0.95720096
210 0.95635096
210 0.95705096
210 0.95650096
210 0.95645096
210 0.95810096
210 0.96020096
210 2.56030256
210 2.55865256
210 2.55950256
210 2.55940256
210 2.56940257
210 2.57080257
210 2.57070257
210 2.57030257
210 2.57890258
210 2.83180283
210 2.59520260
210 2.58485258
210 2.57265257
210 2.58875259
210 2.57270257
210 2.57485257
210 0.95370095
210 0.95365095
210 0.95355095
210 0.95780096
210 2.57850258
210 2.57840258
210 2.57810258
210 2.57830258
210 1.87550188
210 1.87570188
210 1.87640188
210 1.87895188
210 2.09045209
210 2.09985210
210 2.10010210
210 2.10865211
210 2.59615260
210 2.60900261
210 2.59840260
210 2.59815260
210 2.58240258
210 2.57210257
210 2.58190258
210 2.56920257
210 2.59720260
210 2.58975259
210 2.58925259
210 2.58115258
210 2.59220259
210 2.57915258
210 2.58055258
210 2.58135258
