506 1.75873078
506 1.75873078
506 1.75848077
506 1.75863078
506 1.45542547
506 1.45542547
506 1.45472546
506 1.45602548
506 2.00178503
506 2.00093502
506 2.00058501
506 2.00008500
506 2.62144588
506 2.62144588
506 2.62209589
506 2.62314591
506 2.60004550
506 2.59999550
506 2.60064551
506 2.60064551
506 2.82374942
506 2.81944934
506 2.81934934
506 2.81989935
506 1.10036926
506 1.09876923
506 1.09966924
506 1.10466933
506 1.80363156
506 1.80373157
506 1.80373157
506 1.81248172
506 2.10433683
506 2.10398682
506 2.10478683
506 2.10543685
506 2.86950022
506 2.86955022
506 2.87210026
506 2.87005023
506 1.10051926
506 1.09941924
506 1.09871923
506 1.09961924
506 2.85449995
506 2.85614998
506 2.85634999
506 2.86480013
506 1.10356931
506 1.10431933
506 1.10411932
506 1.10336931
506 2.64604631
506 2.63794616
506 2.63939619
506 2.64054621
506 1.10256929
506 1.10256929
506 1.10246929
506 1.10311930
506 2.72944777
506 2.72949777
506 2.73249782
506 2.72909776
506 2.68024690
506 2.68084691
506 2.67969689
506 2.68474698
506 2.16108782
506 2.16118782
506 2.16088782
506 2.16843795
506 1.85718250
506 1.85683249
506 1.85618248
506 1.85848252
506 2.65324643
506 2.65299643
506 2.65374644
506 2.65449645
506 2.66659667
506 2.81304923
506 2.66879670
506 2.66584665
506 1.09466916
506 1.09431915
506 1.09416915
506 1.09416915
506 2.46779319
506 2.47009323
506 2.46949322
506 2.46919321
506 1.10411932
506 1.10246929
506 1.10386932
506 1.10271930
506 2.80569910
506 2.80424907
506 2.80424907
506 2.80579910
506 2.47269327
506 2.47359329
506 2.47799336
506 2.47924339
506 1.09901923
506 1.10116927
506 1.09901923
506 1.09956924
506 1.91723355
506 1.91688355
506 1.91868358
506 1.91783356
506 1.94723408
506 1.94963412
506 1.94333401
506 1.94188398
506 1.09446915
506 1.09446915
506 1.09656919
506 1.09441915
