734 4.15014567
734 4.15184573
734 4.15394580
734 4.14889563
734 7.18615223
734 7.16485149
734 7.15860127
734 7.16255141
734 4.25424932
734 4.24914915
734 4.25044919
734 4.25409932
734 4.30150098
734 4.30575113
734 4.29930091
734 4.30415108
734 7.16185138
734 7.14785089
734 7.14350074
734 7.14780089
734 4.48130729
734 4.48290735
734 4.46345667
734 4.46490672
734 5.88755665
734 5.89100677
734 5.89145679
734 5.88780666
734 6.56253034
734 6.55543010
734 6.56413040
734 6.55673014
734 4.69136467
734 4.69191469
734 4.69326473
734 4.69096465
734 5.39648942
734 5.38518902
734 5.38453900
734 5.39123923
734 4.50440810
734 4.50700820
734 4.50425810
734 4.49970794
734 4.23889879
734 4.23844877
734 4.24709907
734 4.23829876
734 7.26770510
734 7.26485500
734 7.26745509
734 7.26595504
734 4.32585184
734 4.33020199
734 4.33515216
734 4.32275173
734 6.55453006
734 6.55368003
734 6.55503008
734 6.55438006
734 5.92910811
734 5.92695804
734 5.92310790
734 5.91150749
734 7.27915550
734 7.27580538
734 7.27615539
734 7.27725543
734 4.23614869
734 4.23664871
734 4.24014883
734 4.23774874
734 4.42020515
734 4.38955407
734 4.40260453
734 4.39135414
734 4.26074955
734 4.23924880
734 4.24429897
734 4.23969881
734 4.02529129
734 4.13504514
734 4.01719100
734 4.01709100
734 6.39027430
734 6.38487411
734 6.38632416
734 6.38587414
734 4.05484232
734 4.05469232
734 4.04934213
734 4.04999215
734 7.40660997
734 7.41286019
734 7.40751000
734 7.41151014
734 7.09744912
734 7.09219894
734 7.08789879
734 7.08924883
734 4.19684731
734 4.19334719
734 4.19319718
734 4.19274717
734 6.83538992
734 6.83889005
734 6.83558993
734 6.83293984
734 4.33015199
734 4.32790191
734 4.34205241
734 4.33965232
734 4.94347352
734 4.94717365
734 4.94392353
734 4.94632362
734 4.42135519
734 4.42330526
734 4.42460530
734 4.42320525
