806 6.42423191
806 6.42178183
806 6.42243185
806 6.42728202
806 4.30155529
806 4.30335535
806 4.30425538
806 4.30885555
806 7.10695656
806 7.11110671
806 7.10260640
806 7.09930628
806 7.38711667
806 7.39241687
806 7.38806671
806 7.38666666
806 7.30466370
806 7.29836347
806 7.29726343
806 7.29901349
806 4.55026426
806 4.56031463
806 4.54856420
806 4.54851420
806 6.97480179
806 6.96990161
806 6.96900158
806 6.96975161
806 4.45421080
806 4.43701018
806 4.43165998
806 4.43216000
806 6.77914473
806 6.79514530
806 6.78719502
806 6.78869507
806 7.19920989
806 7.19455972
806 7.19410971
806 7.19685981
806 7.47161973
806 7.48212010
806 7.48382017
806 7.47556987
806 4.36655763
806 4.36010740
806 4.36525759
806 4.37485793
806 5.21083811
806 5.20898804
806 5.20958807
806 5.20803801
806 4.34615690
806 4.35200711
806 4.34720693
806 4.34590689
806 4.34325679
806 4.35185710
806 4.34840698
806 4.34535687
806 4.50886277
806 4.51121285
806 4.51361294
806 4.51021282
806 7.07970558
806 7.08140564
806 7.08290569
806 7.08035560
806 4.31720585
806 4.31965594
806 4.32515614
806 4.31735586
806 7.32791454
806 7.32731452
806 7.33566482
806 7.32831455
806 4.39680872
806 4.39805877
806 4.41130925
806 4.39885880
806 6.75964402
806 6.86064767
806 6.81459601
806 6.81559604
806 7.08450575
806 7.08975594
806 7.08425574
806 7.09220603
806 4.31665583
806 4.31055561
806 4.31010559
806 4.31670583
806 5.92696396
806 5.93326419
806 5.92716397
806 5.92801400
806 4.62466695
806 4.61416657
806 4.61981678
806 4.61421657
806 7.09060597
806 7.08410574
806 7.09375608
806 7.08325571
806 7.41906783
806 7.42796815
806 7.43781851
806 7.42466803
806 4.23960305
806 4.23655294
806 4.23545290
806 4.23430286
806 7.44791887
806 7.45181901
806 7.45216902
806 7.44761886
806 7.22911097
806 7.22781092
806 7.22471081
806 7.22601086
