70 1.08700109
70 1.08615109
70 1.08780109
70 1.08670109
70 0.67655068
70 0.68045068
70 0.67720068
70 0.67630068
70 1.08240108
70 1.08365108
70 1.08290108
70 1.08695109
70 1.08620109
70 1.08690109
70 1.08485108
70 1.08585109
70 1.08650109
70 1.08695109
70 1.08735109
70 1.08595109
70 1.07720108
70 1.07715108
70 1.07660108
70 1.07740108
70 1.08260108
70 1.08275108
70 1.08280108
70 1.08365108
70 1.09075109
70 1.08510109
70 1.08285108
70 1.08180108
70 0.68080068
70 0.68895069
70 0.67915068
70 0.67850068
70 1.07685108
70 1.07655108
70 1.07615108
70 1.07740108
70 1.08230108
70 1.08910109
70 1.08385108
70 1.08345108
70 1.08565109
70 1.09375109
70 1.09035109
70 1.08270108
70 0.67640068
70 0.67660068
70 0.67645068
70 0.67610068
70 0.68230068
70 0.68250068
70 0.68305068
70 0.68135068
70 1.08255108
70 1.09060109
70 1.08225108
70 1.08385108
70 1.08605109
70 1.11070111
70 1.08970109
70 1.08220108
70 1.07930108
70 1.08155108
70 1.07730108
70 1.07735108
70 1.08400108
70 1.08265108
70 1.08390108
70 1.08260108
70 1.08270108
70 1.08335108
70 1.08170108
70 1.08265108
70 1.08705109
70 1.08685109
70 1.08990109
70 1.08715109
70 1.08600109
70 1.36590137
70 1.08145108
70 1.08300108
70 1.07710108
70 1.07680108
70 1.07765108
70 1.07685108
70 1.08175108
70 1.08380108
70 1.08630109
70 1.08140108
70 0.68015068
70 0.68020068
70 0.68045068
70 0.67905068
70 0.68160068
70 0.68260068
70 0.68215068
70 0.68070068
70 1.07665108
70 1.07715108
70 1.07685108
70 1.08295108
70 1.08570109
70 1.08620109
70 1.08585109
70 1.08725109
70 1.08185108
70 1.08475108
70 1.08125108
70 1.08215108
70 1.08465108
70 1.08530109
70 1.08440108
70 1.08545109
70 1.07685108
70 1.07645108
70 1.07605108
70 1.07710108
