122 2.26855590
122 2.26190588
122 2.26685589
122 2.26240588
122 2.27970593
122 2.28100593
122 2.28130593
122 2.28365594
122 2.27240591
122 2.27235591
122 2.27270591
122 2.27710592
122 2.28010593
122 2.28075593
122 2.28385594
122 2.28080593
122 2.26435589
122 2.26180588
122 2.26110588
122 2.26350589
122 2.28660595
122 2.28065593
122 2.27965593
122 2.28025593
122 2.27200591
122 2.27150591
122 2.27590592
122 2.27435591
122 2.27820592
122 2.27955593
122 2.28585594
122 2.27720592
122 2.26255588
122 2.26375589
122 2.26260588
122 2.26295588
122 2.27285591
122 2.27315591
122 2.27435591
122 2.27595592
122 2.28175593
122 2.28195593
122 2.28475594
122 2.28310594
122 2.10460547
122 2.10610548
122 2.10260547
122 2.10175546
122 2.27620592
122 2.28030593
122 2.27330591
122 2.27530592
122 1.16860304
122 1.16705303
122 1.16725303
122 1.16700303
122 2.28180593
122 2.28390594
122 2.27970593
122 2.28240593
122 2.26665589
122 2.26155588
122 2.26235588
122 2.26375589
122 2.29025595
122 2.28715595
122 2.28165593
122 2.27980593
122 2.28060593
122 2.28885595
122 2.27960593
122 2.27995593
122 2.28215593
122 2.28150593
122 2.28020593
122 2.28435594
122 2.26235588
122 2.26305588
122 2.26430589
122 2.26655589
122 2.27390591
122 2.35075611
122 2.27220591
122 2.27295591
122 2.26485589
122 2.26640589
122 2.26310588
122 2.26220588
122 2.27365591
122 2.27590592
122 2.27455591
122 2.27235591
122 2.28115593
122 2.28055593
122 2.27905593
122 2.28145593
122 2.27970593
122 2.28015593
122 2.27990593
122 2.27655592
122 2.26325588
122 2.26170588
122 2.26205588
122 2.26310588
122 2.28070593
122 2.28155593
122 2.28055593
122 2.28145593
122 2.18405568
122 2.18410568
122 2.18385568
122 2.18460568
122 2.28105593
122 2.30345599
122 2.27915593
122 2.27995593
122 2.26195588
122 2.26655589
122 2.26200588
122 2.26255588
