34 0.47870024
34 0.47875024
34 0.47935024
34 0.47870024
34 0.47805024
34 0.47670024
34 0.47790024
34 0.47900024
34 0.48090024
34 0.47785024
34 0.47990024
34 0.47880024
34 0.47500024
34 0.47485024
34 0.47480024
34 0.47480024
34 0.47785024
34 0.47650024
34 0.50145025
34 0.49640025
34 0.47765024
34 0.47975024
34 0.47730024
34 0.47780024
34 0.47860024
34 0.47795024
34 0.48020024
34 0.47845024
34 0.47465024
34 0.47515024
34 0.47625024
34 0.47535024
34 0.47675024
34 0.47870024
34 0.47635024
34 0.47810024
34 0.47775024
34 0.47680024
34 0.47810024
34 0.47640024
34 0.47525024
34 0.47565024
34 0.47505024
34 0.47550024
34 0.47965024
34 0.47785024
34 0.47915024
34 0.47900024
34 0.47780024
34 0.47750024
34 0.47705024
34 0.47715024
34 0.47740024
34 0.47835024
34 0.47730024
34 0.47745024
34 0.47520024
34 0.48010024
34 0.47865024
34 0.47670024
34 0.48020024
34 0.48205024
34 0.48030024
34 0.48080024
34 0.48205024
34 0.47925024
34 0.47785024
34 0.47770024
34 0.48065024
34 0.50595025
34 0.49690025
34 0.48495024
34 0.47520024
34 0.47500024
34 0.47510024
34 0.47510024
34 0.47720024
34 0.47790024
34 0.47755024
34 0.47970024
34 0.47670024
34 0.50945025
34 0.47700024
34 0.47825024
34 0.47630024
34 0.47540024
34 0.47510024
34 0.47525024
34 0.47740024
34 0.47830024
34 0.47740024
34 0.47800024
34 0.47700024
34 0.47925024
34 0.47810024
34 0.47730024
34 0.47800024
34 0.48055024
34 0.47640024
34 0.47790024
34 0.47500024
34 0.47895024
34 0.47620024
34 0.47565024
34 0.47765024
34 0.47835024
34 0.47750024
34 0.47710024
34 0.47915024
34 0.48170024
34 0.47975024
34 0.47965024
34 0.47770024
34 0.48020024
34 0.47795024
34 0.47950024
34 0.47500024
34 0.47535024
34 0.47525024
34 0.47565024
