22 0.38570039
22 0.39810040
22 0.39855040
22 0.39055039
22 0.38160038
22 0.38215038
22 0.38185038
22 0.38180038
22 0.38505039
22 0.38490038
22 0.38490038
22 0.38465038
22 0.38310038
22 0.38350038
22 0.38410038
22 0.38325038
22 0.38590039
22 0.38425038
22 0.38560039
22 0.38485038
22 0.38275038
22 0.38185038
22 0.38165038
22 0.38190038
22 0.38415038
22 0.38340038
22 0.38410038
22 0.38315038
22 0.38555039
22 0.38490038
22 0.38550039
22 0.38410038
22 0.38665039
22 0.38420038
22 0.38415038
22 0.38405038
22 0.38190038
22 0.38200038
22 0.38155038
22 0.38190038
22 0.38335038
22 0.38410038
22 0.38335038
22 0.38340038
22 0.38480038
22 0.38600039
22 0.38485038
22 0.38560039
22 0.38200038
22 0.38205038
22 0.38155038
22 0.38220038
22 0.38440038
22 0.38355038
22 0.38395038
22 0.38255038
22 0.38415038
22 0.38320038
22 0.38415038
22 0.38415038
22 0.38505039
22 0.38540039
22 0.38570039
22 0.38480038
22 0.38210038
22 0.38190038
22 0.38190038
22 0.38210038
22 0.38390038
22 0.38445038
22 0.38420038
22 0.38255038
22 0.38390038
22 0.38340038
22 0.38435038
22 0.38405038
22 0.38325038
22 0.38390038
22 0.38410038
22 0.38410038
22 0.38345038
22 0.65645066
22 0.38365038
22 0.38350038
22 0.38395038
22 0.38455038
22 0.38415038
22 0.38335038
22 0.38485038
22 0.38590039
22 0.38500039
22 0.38560039
22 0.38195038
22 0.38195038
22 0.38260038
22 0.38355038
22 0.38460038
22 0.38355038
22 0.38395038
22 0.38430038
22 0.38560039
22 0.38475038
22 0.38515039
22 0.38580039
22 0.38365038
22 0.38400038
22 0.38340038
22 0.38400038
22 0.38200038
22 0.38200038
22 0.38180038
22 0.38195038
22 0.38355038
22 0.38425038
22 0.38360038
22 0.38345038
22 0.38390038
22 0.38340038
22 0.38415038
22 0.38405038
