726 7.11005404
726 7.10615401
726 7.10365399
726 7.10670401
726 4.38678334
726 4.38313331
726 4.38268331
726 4.38828335
726 4.17588174
726 4.18468180
726 4.18478180
726 4.18818183
726 7.28400536
726 7.29665545
726 7.30495552
726 7.31235557
726 4.33128292
726 4.33938298
726 4.32973291
726 4.33063291
726 7.39870623
726 7.40855631
726 7.39730622
726 7.40745630
726 4.11963131
726 4.11928131
726 4.10383119
726 4.10418119
726 4.39203338
726 4.39438340
726 4.39328339
726 4.39623341
726 4.12378134
726 4.12443135
726 4.13258141
726 4.12628136
726 4.19798190
726 4.19273186
726 4.19848191
726 4.19298187
726 4.07013093
726 4.06823092
726 4.07353096
726 4.06753091
726 7.31050556
726 7.30640553
726 7.31210557
726 7.30370551
726 7.63035799
726 7.63225801
726 7.62705797
726 7.65150815
726 6.00014560
726 5.99724558
726 5.99609557
726 6.00159561
726 4.18318179
726 4.17833176
726 4.18023177
726 4.17788175
726 4.39318339
726 4.39218338
726 4.40413347
726 4.39358339
726 4.01613052
726 4.01533052
726 4.01783054
726 4.02013055
726 7.45380665
726 7.46355672
726 7.45610667
726 7.45835668
726 5.77194387
726 5.77189387
726 5.77534389
726 5.76889384
726 4.42908366
726 4.43643372
726 4.42953366
726 4.43138368
726 7.57530757
726 7.43000647
726 7.25950517
726 7.25935517
726 4.17318172
726 4.17498173
726 4.17403172
726 4.16718167
726 4.14443150
726 4.14958154
726 4.14383149
726 4.14473150
726 7.58680766
726 7.59245770
726 7.58755767
726 7.58955768
726 7.24315505
726 7.23860501
726 7.23850501
726 7.23720500
726 4.20623197
726 4.20523196
726 4.20308194
726 4.21028200
726 4.14573151
726 4.13818145
726 4.14368149
726 4.13588143
726 4.21868206
726 4.20673197
726 4.20828198
726 4.22253209
726 4.34533302
726 4.34473302
726 4.34973306
726 4.34433302
726 4.15378157
726 4.14893153
726 4.15148155
726 4.14908153
