410 1.48176482
410 1.48321483
410 1.48196482
410 1.48311483
410 2.03077031
410 2.03407034
410 2.03162032
410 2.02922029
410 2.16152162
410 2.16212162
410 2.16122161
410 2.16302163
410 2.08902089
410 2.08827088
410 2.08977090
410 2.09062091
410 2.03742037
410 2.03102031
410 2.03182032
410 2.03107031
410 1.50646506
410 1.50701507
410 1.50691507
410 1.50611506
410 1.44811448
410 1.45301453
410 1.44891449
410 1.44801448
410 2.82317823
410 2.82332823
410 2.82402824
410 2.82297823
410 1.08186082
410 1.07981080
410 1.08056081
410 1.07976080
410 2.83347833
410 2.83572836
410 2.82587826
410 2.82522825
410 1.82306823
410 1.82376824
410 1.82271823
410 1.82296823
410 1.22321223
410 1.22296223
410 1.22346223
410 1.22606226
410 1.83671837
410 1.84006840
410 1.83726837
410 1.83541835
410 2.68112681
410 2.68022680
410 2.68192682
410 2.68082681
410 2.40377404
410 2.41017410
410 2.41622416
410 2.40602406
410 2.82472825
410 2.82502825
410 2.82527825
410 2.82512825
410 1.08831088
410 1.08741087
410 1.08736087
410 1.09781098
410 1.07651077
410 1.07866079
410 1.07546075
410 1.07641076
410 1.36156362
410 1.36286363
410 1.36151362
410 1.37081371
410 1.08436084
410 1.08366084
410 1.08666087
410 1.08351084
410 2.28527285
410 2.33797338
410 2.27802278
410 2.27357274
410 2.81227812
410 2.81152812
410 2.82872829
410 2.81212812
410 2.83747837
410 2.82542825
410 2.82562826
410 2.82532825
410 1.80841808
410 1.80786808
410 1.80596806
410 1.80701807
410 2.84357844
410 2.83202832
410 2.83202832
410 2.83662837
410 2.81032810
410 2.81137811
410 2.81042810
410 2.81107811
410 1.91016910
410 1.90856909
410 1.91181912
410 1.90851909
410 1.58101581
410 1.58171582
410 1.58116581
410 1.58086581
410 2.69187692
410 2.69317693
410 2.69272693
410 2.69467695
410 2.51777518
410 2.51382514
410 2.51852519
410 2.51347513
