270 1.70900171
270 1.70960171
270 1.71515172
270 1.70855171
270 2.19985220
270 2.20000220
270 2.19900220
270 2.20145220
270 2.70600271
270 2.70590271
270 2.70680271
270 2.71135271
270 2.72470272
270 2.72680273
270 2.72400272
270 2.72400272
270 2.72575273
270 2.72575273
270 2.72585273
270 2.73155273
270 2.72865273
270 2.72870273
270 2.72960273
270 2.72950273
270 1.00190100
270 1.00175100
270 1.00175100
270 1.00180100
270 2.71880272
270 2.72305272
270 2.71895272
270 2.72130272
270 2.70555271
270 2.70840271
270 2.70635271
270 2.70680271
270 2.72740273
270 2.73220273
270 2.71985272
270 2.72085272
270 2.72965273
270 2.72935273
270 2.72875273
270 2.72925273
270 1.01455101
270 1.01365101
270 1.01360101
270 1.01440101
270 2.27730228
270 2.27610228
270 2.27915228
270 2.27680228
270 2.43155243
270 2.43155243
270 2.43065243
270 2.43125243
270 1.01010101
270 1.01090101
270 1.01335101
270 1.01470101
270 2.72585273
270 2.72770273
270 2.72570273
270 2.72710273
270 1.00950101
270 1.01005101
270 1.00930101
270 1.00925101
270 2.70640271
270 2.71030271
270 2.70625271
270 2.71210271
270 2.72895273
270 2.73105273
270 2.72770273
270 2.72950273
270 2.61030261
270 2.60405260
270 2.59830260
270 2.59975260
270 1.01105101
270 1.22585123
270 1.00635101
270 1.00615101
270 2.70440270
270 2.70560271
270 2.70910271
270 2.70515271
270 2.70610271
270 2.71065271
270 2.71415271
270 2.70760271
270 2.29040229
270 2.29140229
270 2.29420229
270 2.29220229
270 2.71885272
270 2.71735272
270 2.71905272
270 2.72030272
270 2.72735273
270 2.72725273
270 2.73050273
270 2.73610274
270 2.72760273
270 2.73275273
270 2.72815273
270 2.72830273
270 2.70700271
270 2.70620271
270 2.70685271
270 2.71070271
270 1.71640172
270 1.71710172
270 1.71655172
270 1.71630172
270 2.71930272
270 2.72320272
270 2.71920272
270 2.72205272
