746 5.47518305
746 5.48028317
746 5.47868313
746 5.47858313
746 4.37590633
746 4.37270626
746 4.37045620
746 4.37110622
746 7.26327650
746 7.25917640
746 7.25992642
746 7.26017642
746 4.18475169
746 4.17820153
746 4.17085135
746 4.16975132
746 7.47913174
746 7.49713218
746 7.51618264
746 7.49973224
746 4.36495607
746 4.36370604
746 4.35850591
746 4.35830591
746 7.11267284
746 7.13687343
746 7.14052351
746 7.13257332
746 4.34610561
746 4.33185526
746 4.36550608
746 4.44550803
746 6.11749866
746 6.12659888
746 6.12449883
746 6.13344904
746 7.43668071
746 7.44898101
746 7.43838075
746 7.44593094
746 4.34830566
746 4.34975570
746 4.33530535
746 4.35275577
746 7.51218255
746 7.50023226
746 7.48383186
746 7.49028201
746 5.31847924
746 5.31607918
746 5.31797923
746 5.33502964
746 7.14717368
746 7.12697319
746 7.10307260
746 7.10297260
746 7.10882274
746 7.11197282
746 7.11052279
746 7.13557339
746 6.35355439
746 6.36300462
746 6.34330414
746 6.34680423
746 7.49538214
746 7.48778195
746 7.50033226
746 7.49613216
746 4.31745491
746 4.31525486
746 4.31320481
746 4.29870446
746 7.10292260
746 7.08892226
746 7.07972204
746 7.06687172
746 4.18840178
746 4.17755151
746 4.20570220
746 4.19815202
746 4.09934961
746 4.28490412
746 4.11685004
746 4.11429998
746 4.80411674
746 4.80836684
746 4.80531677
746 4.80571678
746 4.31230479
746 4.30840469
746 4.30900471
746 4.31215479
746 7.50648241
746 7.52368283
746 7.50698242
746 7.50408235
746 5.84104194
746 5.83824187
746 5.84399201
746 5.82084145
746 7.20637511
746 7.20572510
746 7.20207501
746 7.23477581
746 4.45675830
746 4.45740832
746 4.46200843
746 4.45740832
746 4.70301428
746 4.69836417
746 4.69841417
746 4.69811416
746 4.26645367
746 4.26995376
746 4.26480363
746 4.26590366
746 4.30610464
746 4.31050475
746 4.31615488
746 4.31315481
