570 3.14641450
570 3.14706451
570 3.14281443
570 3.14311443
570 3.63342449
570 3.62852438
570 3.63327448
570 3.62782437
570 3.75642701
570 3.75237692
570 3.74647680
570 3.74502677
570 3.40416979
570 3.39796966
570 3.39966969
570 3.39746965
570 3.89367982
570 3.89352982
570 3.89327981
570 3.90177999
570 3.22136604
570 3.21441590
570 3.22681615
570 3.20831577
570 3.79857787
570 3.80797806
570 3.81622823
570 3.79912788
570 3.91183019
570 3.91343023
570 3.91188019
570 3.91648029
570 3.01586183
570 3.01591183
570 3.02496201
570 3.01661184
570 3.80952810
570 3.80782806
570 3.82317838
570 3.81007811
570 3.74487677
570 3.74452676
570 3.74627680
570 3.74377675
570 3.71377613
570 3.70822602
570 3.71752621
570 3.70892603
570 3.76972728
570 3.76807725
570 3.77332735
570 3.77022729
570 4.24628705
570 4.24753707
570 4.21603643
570 4.21398639
570 4.18763585
570 4.18698583
570 4.19253595
570 4.18813586
570 4.36493948
570 4.36543949
570 4.36813955
570 4.36468948
570 3.19186543
570 3.18881537
570 3.18966539
570 3.19426548
570 4.26963753
570 4.27148757
570 4.26853751
570 4.26968753
570 3.86042914
570 3.87652947
570 3.88322961
570 3.86642926
570 3.99223184
570 3.97893157
570 3.98393167
570 3.97838156
570 3.55577289
570 3.82717846
570 3.55332284
570 3.55312284
570 3.29191748
570 3.30046766
570 3.29181748
570 3.29356752
570 3.40836987
570 3.40931989
570 3.40901988
570 3.41016991
570 4.19193593
570 4.18403577
570 4.18333576
570 4.18393577
570 3.99573191
570 3.99658193
570 3.99403188
570 3.99488190
570 4.31393844
570 4.31498846
570 4.31348843
570 4.30948834
570 3.59342367
570 3.61897419
570 3.60832397
570 3.61967420
570 3.41351998
570 3.41687005
570 3.41436999
570 3.41537002
570 3.43742047
570 3.43722046
570 3.43762047
570 3.43672045
570 3.69457574
570 3.69447574
570 3.69472574
570 3.69287570
