282 1.01196407
282 1.00786401
282 1.00771401
282 1.00766401
282 2.16278006
282 2.15948002
282 2.16018003
282 2.16033003
282 1.00791401
282 1.00791401
282 1.00791401
282 1.00786401
282 2.00057781
282 2.00212783
282 2.00992794
282 2.00047781
282 2.73548802
282 2.73643804
282 2.73578803
282 2.73483801
282 1.00041391
282 1.00051391
282 1.00041391
282 1.00036391
282 1.68462342
282 1.68097337
282 1.67792332
282 1.67772332
282 2.71928780
282 2.72093782
282 2.72078782
282 2.71998781
282 2.74643818
282 2.76248840
282 2.73908807
282 2.73763805
282 2.73653804
282 2.73343799
282 2.72563789
282 2.72738791
282 2.74588817
282 2.74553816
282 2.74803820
282 2.74648818
282 2.73618803
282 2.73788806
282 2.73478801
282 2.73633804
282 2.68183728
282 2.68428731
282 2.68498732
282 2.68173728
282 2.57998586
282 2.58123588
282 2.57958586
282 2.58038587
282 2.72773792
282 2.72863793
282 2.73108796
282 2.72933794
282 2.48288451
282 2.45748416
282 2.45823417
282 2.46543427
282 2.48528455
282 2.48533455
282 2.48598456
282 2.49358466
282 2.71433773
282 2.71353772
282 2.71928780
282 2.71418773
282 1.58437202
282 1.58437202
282 1.58442202
282 1.58422202
282 2.45473412
282 2.44953405
282 2.45968419
282 2.44983405
282 2.55283548
282 2.77183853
282 2.56908571
282 2.56813570
282 2.72128783
282 2.72298785
282 2.72123783
282 2.72348786
282 2.47958447
282 2.48038448
282 2.47938446
282 2.47203436
282 2.72818792
282 2.76648845
282 2.72808792
282 2.72883793
282 1.00556398
282 1.00561398
282 1.00556398
282 1.00551398
282 2.71818778
282 2.71523774
282 2.71333772
282 2.71338772
282 1.94712707
282 1.94652706
282 1.93977696
282 1.93967696
282 2.73618803
282 2.74063809
282 2.73778806
282 2.73728805
282 2.73958808
282 2.73608803
282 2.73628803
282 2.73573803
282 2.63353661
282 2.63428662
282 2.63923669
282 2.63423662
