242 2.60711981
242 2.61356986
242 2.60706981
242 2.60796982
242 2.61926991
242 2.61881990
242 2.61761989
242 2.62011991
242 1.29860987
242 1.29805987
242 1.29780986
242 1.30040988
242 2.62861998
242 2.62931998
242 2.62551995
242 2.62021991
242 2.28091733
242 2.27966733
242 2.28056733
242 2.28051733
242 0.97840744
242 0.97610742
242 0.97350740
242 0.97445741
242 2.62136992
242 2.62026991
242 2.62021991
242 2.62126992
242 2.63672004
242 2.63582003
242 2.64007006
242 2.63722004
242 2.23281697
242 2.23851701
242 2.23276697
242 2.23336697
242 2.61921991
242 2.61911991
242 2.61926991
242 2.62451995
242 2.61936991
242 2.61956991
242 2.61826990
242 2.62051992
242 2.60721981
242 2.60726982
242 2.60721981
242 2.60721981
242 2.62186993
242 2.62071992
242 2.63076999
242 2.62166992
242 0.97315740
242 0.97045738
242 0.97140738
242 0.97140738
242 2.62866998
242 2.62861998
242 2.63347001
242 2.62876998
242 2.60811982
242 2.60721981
242 2.60866983
242 2.60816982
242 2.62901998
242 2.62896998
242 2.63302001
242 2.62876998
242 2.63892006
242 2.64552011
242 2.63807005
242 2.64497010
242 2.48146886
242 2.48681890
242 2.47991885
242 2.48526889
242 2.60801982
242 2.60801982
242 2.60721981
242 2.60876983
242 2.61906990
242 2.63997006
242 2.62821997
242 2.63657004
242 1.92531463
242 1.91886458
242 1.91951459
242 1.91841458
242 2.61506987
242 2.61166985
242 2.60926983
242 2.61156985
242 1.76076338
242 1.76056338
242 1.76066338
242 1.75456333
242 2.62846998
242 2.63006999
242 2.63612003
242 2.62836998
242 2.62211993
242 2.61331986
242 2.60716981
242 2.60881983
242 2.61856990
242 2.61921991
242 2.62386994
242 2.62001991
242 2.62051992
242 2.62111992
242 2.62051992
242 2.62256993
242 2.62791997
242 2.62941998
242 2.62951998
242 2.63172000
242 2.60756982
242 2.60936983
242 2.61216985
242 2.60721981
