342 1.95166776
342 1.95156776
342 1.95206776
342 1.95221777
342 1.84186676
342 1.84211676
342 1.84201676
342 1.84296677
342 1.52451387
342 1.51661380
342 1.51566379
342 1.51561379
342 2.49362269
342 2.49427270
342 2.49327269
342 2.49397270
342 2.78497534
342 2.78502534
342 2.78962539
342 2.78487534
342 1.79776636
342 1.79761636
342 1.79751636
342 1.79761636
342 1.06515969
342 1.06585970
342 1.06500969
342 1.06500969
342 2.65127413
342 2.65632417
342 2.64367406
342 2.64177404
342 1.07240976
342 1.07240976
342 1.07315977
342 1.07260976
342 1.60891464
342 1.60891464
342 1.60951465
342 1.61051466
342 2.78357533
342 2.78717536
342 2.78262532
342 2.78252532
342 1.07030974
342 1.06875973
342 1.06940973
342 1.06945973
342 1.06095965
342 1.06060965
342 1.06060965
342 1.06055965
342 1.46561334
342 1.46476333
342 1.47311341
342 1.46656335
342 2.78402533
342 2.78262532
342 2.78257532
342 2.79102540
342 1.07400977
342 1.07245976
342 1.07535979
342 1.07330977
342 2.56397333
342 2.56897338
342 2.56387333
342 2.57007339
342 2.39917183
342 2.39827182
342 2.39877183
342 2.39977184
342 1.90316732
342 1.90126730
342 1.90536734
342 1.90051729
342 2.79412543
342 2.79297542
342 2.79342542
342 2.79302542
342 2.78507534
342 2.96382697
342 2.78552535
342 2.78922538
342 2.77037521
342 2.78532535
342 2.77022521
342 2.77192522
342 2.78287532
342 2.78412534
342 2.78202532
342 2.79012539
342 1.52151385
342 1.52076384
342 1.52211385
342 1.51996383
342 2.08246895
342 2.08051893
342 2.08111894
342 2.08131894
342 1.06140966
342 1.06140966
342 1.06055965
342 1.06465969
342 1.06620970
342 1.06745971
342 1.06580970
342 1.06580970
342 2.78467534
342 2.78567535
342 2.78382533
342 2.78552535
342 1.06580970
342 1.06585970
342 1.06500969
342 1.06575970
342 2.08661899
342 2.08641899
342 2.08636899
342 2.08636899
