718 7.08028894
718 7.06933888
718 7.06778887
718 7.07423891
718 7.04918877
718 7.04598875
718 7.04373874
718 7.04883877
718 7.11388913
718 7.12578919
718 7.12143917
718 7.11373913
718 7.58459172
718 7.58524172
718 7.58869174
718 7.58539172
718 4.06542236
718 4.06782237
718 4.07627242
718 4.06522236
718 7.12288918
718 7.12373918
718 7.12623919
718 7.12083916
718 4.20592313
718 4.20222311
718 4.20502313
718 4.20142311
718 4.14952282
718 4.15602286
718 4.15027283
718 4.14882282
718 7.37029054
718 7.36739052
718 7.37339055
718 7.36944053
718 7.04638876
718 7.04493875
718 7.04858877
718 7.04398874
718 5.55033053
718 5.54473050
718 5.54418049
718 5.54183048
718 7.14018927
718 7.14528930
718 7.14123928
718 7.13973927
718 4.32817380
718 4.33077382
718 4.33472384
718 4.32327378
718 4.38222410
718 4.38217410
718 4.38262410
718 4.38732413
718 4.24742336
718 4.24897337
718 4.24627335
718 4.24912337
718 7.12748920
718 7.12403918
718 7.12258917
718 7.12448918
718 4.91607704
718 4.91562704
718 4.91772705
718 4.92417708
718 7.34459040
718 7.34309039
718 7.33954037
718 7.34724041
718 7.68579227
718 7.69854234
718 7.71609244
718 7.71669244
718 3.98362191
718 3.98352191
718 3.98762193
718 3.98697193
718 4.16087288
718 4.45337449
718 4.16407290
718 4.16247289
718 7.24788986
718 7.24708986
718 7.23978982
718 7.24088982
718 4.25792342
718 4.26607346
718 4.26432345
718 4.26242344
718 4.49357471
718 4.49652473
718 4.48752468
718 4.47677462
718 7.09198901
718 7.08973899
718 7.09413902
718 7.09053900
718 4.28542357
718 4.29077360
718 4.29037360
718 4.30707369
718 4.23957332
718 4.24022332
718 4.23887331
718 4.23837331
718 4.11902265
718 4.13142272
718 4.12982271
718 4.12827271
718 5.33652935
718 5.33162932
718 5.31507923
718 5.31652924
718 4.33107382
718 4.33237383
718 4.33752386
718 4.33087382
