590 6.44965805
590 6.45200807
590 6.45030805
590 6.45415809
590 4.66964203
590 4.66759201
590 4.66564199
590 4.66479198
590 3.73183359
590 3.72903356
590 3.73158358
590 3.72888356
590 3.91583524
590 3.92108529
590 3.91613525
590 3.91668525
590 4.22233800
590 4.22218800
590 4.22308801
590 4.22748805
590 3.56253206
590 3.56413208
590 3.56463208
590 3.56548209
590 4.35983924
590 4.36113925
590 4.35973924
590 4.36798931
590 4.28978861
590 4.28998861
590 4.28803859
590 4.27613849
590 3.87428487
590 3.87578488
590 3.87483487
590 3.87373486
590 4.78864310
590 4.78939310
590 4.79554316
590 4.78714308
590 4.39278954
590 4.40998969
590 4.40613966
590 4.40683966
590 3.68178314
590 3.67998312
590 3.68088313
590 3.68478316
590 4.04003636
590 4.03118628
590 4.03118628
590 4.03028627
590 4.30513875
590 4.29523866
590 4.29578866
590 4.29908869
590 3.88103493
590 3.88098493
590 3.88578497
590 3.88163493
590 4.48134033
590 4.48044032
590 4.47969032
590 4.48409036
590 5.63210069
590 5.63445071
590 5.63145068
590 5.63565072
590 4.22288801
590 4.23033807
590 4.22473802
590 4.22313801
590 3.92118529
590 3.92678534
590 3.92073529
590 3.92123529
590 3.64603281
590 3.64403280
590 3.64548281
590 3.65033285
590 3.81593434
590 3.92603533
590 3.80763427
590 3.81488433
590 6.24525621
590 6.24080617
590 6.23805614
590 6.23865615
590 3.63843275
590 3.63628273
590 3.63473271
590 3.63148268
590 4.90784417
590 4.90809417
590 4.91179421
590 4.90714416
590 4.48284035
590 4.48439036
590 4.48394036
590 4.50844058
590 4.59739138
590 4.59749138
590 4.59809138
590 4.59889139
590 5.97390377
590 5.97095374
590 5.96900372
590 5.97030373
590 7.51761766
590 7.51261761
590 7.51471763
590 7.51706765
590 4.72939256
590 4.72034248
590 4.72119249
590 4.72079249
590 4.34373909
590 4.34538911
590 4.34468910
590 4.34523911
