330 2.79925280
330 2.79115279
330 2.79160279
330 2.79215279
330 1.06860107
330 1.06775107
330 1.07440107
330 1.06550107
330 2.76320276
330 2.76610277
330 2.76600277
330 2.76305276
330 1.98545199
330 1.98015198
330 1.98010198
330 1.98005198
330 2.48380248
330 2.48300248
330 2.48400248
330 2.49035249
330 1.62510163
330 1.63100163
330 1.62235162
330 1.62405162
330 1.86845187
330 1.86760187
330 1.87225187
330 1.86810187
330 2.06975207
330 2.07620208
330 2.06735207
330 2.06475206
330 2.32310232
330 2.32470232
330 2.33005233
330 2.33110233
330 2.78370278
330 2.82660283
330 2.79240279
330 2.79395279
330 1.55380155
330 1.55215155
330 1.55280155
330 1.55305155
330 2.28950229
330 2.28885229
330 2.28855229
330 2.29035229
330 2.78205278
330 2.78195278
330 2.77420277
330 2.77465277
330 2.60455260
330 2.60415260
330 2.60415260
330 2.60485260
330 1.72625173
330 1.72835173
330 1.72640173
330 1.73215173
330 1.06875107
330 1.06785107
330 1.06930107
330 1.06860107
330 2.78225278
330 2.78240278
330 2.78195278
330 2.78415278
330 2.76175276
330 2.76705277
330 2.76160276
330 2.76305276
330 2.77640278
330 2.77595278
330 2.77555278
330 2.77730278
330 2.77175277
330 2.86650287
330 2.79335279
330 2.76470276
330 2.37010237
330 2.42140242
330 2.36130236
330 2.36130236
330 2.76050276
330 2.76425276
330 2.76005276
330 2.76725277
330 2.78245278
330 2.78270278
330 2.78230278
330 2.78305278
330 2.10370210
330 2.11215211
330 2.10325210
330 2.10300210
330 1.88250188
330 1.88290188
330 1.88245188
330 1.88470188
330 2.35110235
330 2.35100235
330 2.35240235
330 2.35640236
330 1.97580198
330 1.97625198
330 1.98350198
330 1.97620198
330 2.78390278
330 2.78425278
330 2.78395278
330 2.78500279
330 1.07555108
330 1.07090107
330 1.06775107
330 1.06850107
330 2.76220276
330 2.76170276
330 2.76210276
330 2.76155276
