1006 6.75749327
1006 6.75409315
1006 6.87904765
1006 6.74774292
1006 6.06231824
1006 6.06291827
1006 6.06196823
1006 6.06771844
1006 7.25811129
1006 7.26506154
1006 7.26046138
1006 7.26806165
1006 7.52997108
1006 7.52162078
1006 7.53017109
1006 7.52152077
1006 6.60908793
1006 6.61163802
1006 6.60888792
1006 6.60733786
1006 7.09965559
1006 7.10115564
1006 7.10140565
1006 7.09905557
1006 7.40641663
1006 7.40241649
1006 7.40216648
1006 7.40746667
1006 7.09985559
1006 7.10210568
1006 7.10145565
1006 7.10775588
1006 7.13190675
1006 7.13380682
1006 7.13500686
1006 7.13450684
1006 7.28736235
1006 7.29146249
1006 7.28801237
1006 7.28806237
1006 7.22621014
1006 7.22090995
1006 7.22361005
1006 7.22125997
1006 5.30074083
1006 5.29469061
1006 5.29299055
1006 5.29454060
1006 5.82350965
1006 5.82235960
1006 5.82380966
1006 5.82305963
1006 7.38736595
1006 7.38591589
1006 7.38366581
1006 7.38891600
1006 7.26576157
1006 7.29211252
1006 7.26886168
1006 7.27196179
1006 7.50137005
1006 7.50622022
1006 7.50847030
1006 7.51267046
1006 7.37926565
1006 7.38336580
1006 7.37831562
1006 7.38276578
1006 7.12340644
1006 7.11605618
1006 7.13610690
1006 7.12695657
1006 6.92844942
1006 6.92614934
1006 6.92524931
1006 6.92909945
1006 7.70212728
1006 7.69557704
1006 7.70527739
1006 7.68027649
1006 7.26781164
1006 7.70677744
1006 7.50352013
1006 7.50377014
1006 5.63460285
1006 5.63410283
1006 5.63055270
1006 5.63260277
1006 7.01970271
1006 7.02860303
1006 7.01960271
1006 7.02060274
1006 7.31711342
1006 7.30186287
1006 7.30211288
1006 7.30176286
1006 7.41526695
1006 7.41661700
1006 7.42001712
1006 7.42141717
1006 7.38146573
1006 7.38266578
1006 7.39011604
1006 7.38021569
1006 6.67079015
1006 6.65188947
1006 6.64613926
1006 6.64683929
1006 7.43106752
1006 7.43391762
1006 7.42836742
1006 7.45036821
1006 5.90081243
1006 5.89636227
1006 5.89886236
1006 5.89556224
1006 7.73422843
1006 7.70237729
1006 7.70792749
1006 7.70257729
