470 2.87066292
470 2.86151288
470 2.86416289
470 2.86681290
470 2.38406073
470 2.38521073
470 2.41386086
470 2.40046080
470 2.86636290
470 2.86411289
470 2.87521294
470 2.86541289
470 1.67795755
470 1.67765755
470 1.67760755
470 1.67780755
470 1.78385803
470 1.78530803
470 1.78345803
470 1.78795805
470 2.02560912
470 2.03390915
470 2.03305915
470 2.02525911
470 2.87471294
470 2.86471289
470 2.86716290
470 2.85681286
470 1.58965715
470 1.58900715
470 1.59260717
470 1.59025716
470 1.43485646
470 1.44110648
470 1.43390645
470 1.44115649
470 2.08270937
470 2.08250937
470 2.08275937
470 2.08250937
470 2.22010999
470 2.21920999
470 2.23056004
470 2.21915999
470 1.13635511
470 1.13570511
470 1.13750512
470 1.13595511
470 1.09305492
470 1.09300492
470 1.09145491
470 1.09220491
470 2.57081157
470 2.57076157
470 2.56996156
470 2.57461159
470 1.63755737
470 1.63725737
470 1.63725737
470 1.63745737
470 2.54691146
470 2.53781142
470 2.54986147
470 2.53941143
470 1.42725642
470 1.43050644
470 1.42595642
470 1.43300645
470 1.79275807
470 1.79005806
470 1.78880805
470 1.79150806
470 1.29960585
470 1.30080585
470 1.30025585
470 1.30065585
470 1.08670489
470 1.08645489
470 1.08630489
470 1.08790490
470 2.02840913
470 2.24861012
470 2.03685917
470 2.02745912
470 2.46981111
470 2.47011112
470 2.48401118
470 2.48396118
470 2.85616285
470 2.85701286
470 2.85781286
470 2.86181288
470 2.85581285
470 2.85591285
470 2.85821286
470 2.85501285
470 2.24671011
470 2.24536010
470 2.24666011
470 2.25626015
470 2.31311041
470 2.30836039
470 2.30801039
470 2.30991039
470 2.61136175
470 2.61056175
470 2.61226176
470 2.61286176
470 1.22375551
470 1.21870548
470 1.21920549
470 1.21865548
470 2.86371289
470 2.87476294
470 2.86386289
470 2.86466289
470 2.53481141
470 2.53706142
470 2.53956143
470 2.53896143
