942 7.53044986
942 7.53184988
942 7.50309931
942 7.49999925
942 7.08824106
942 7.08274095
942 7.08064090
942 7.08259094
942 7.21849365
942 7.21839365
942 7.21764363
942 7.22599380
942 7.15669242
942 7.16064250
942 7.16119251
942 7.15649241
942 7.43454795
942 7.44339812
942 7.43704800
942 7.44029806
942 6.83493602
942 6.84433620
942 6.83573603
942 6.83553603
942 5.38110708
942 5.36445675
942 5.36500676
942 5.36535677
942 7.50999945
942 7.51014945
942 7.50604937
942 7.51364952
942 6.97283876
942 6.97293876
942 6.97218875
942 6.97798886
942 6.85203636
942 6.85308638
942 6.98078892
942 6.84698626
942 5.64186227
942 5.64391231
942 5.64886241
942 5.64216228
942 7.17004268
942 7.16939267
942 7.17744283
942 7.17324275
942 6.87383679
942 6.87098673
942 6.86728666
942 6.86543662
942 6.97448879
942 6.97233875
942 6.96883868
942 6.97033871
942 6.89223716
942 6.89018711
942 6.88748706
942 6.89358718
942 6.09777135
942 6.09742134
942 6.09872136
942 6.10172142
942 5.21360375
942 5.21300374
942 5.21240373
942 5.21320374
942 7.34514617
942 7.33699601
942 7.33964606
942 7.34174610
942 5.44630838
942 5.44555837
942 5.44660839
942 5.45570857
942 7.31144550
942 7.31204551
942 7.32049568
942 7.31099549
942 6.98688904
942 7.00713944
942 7.00663943
942 7.01448959
942 6.90508741
942 6.90813747
942 6.91073752
942 6.90643744
942 6.91223755
942 6.92283776
942 6.91448760
942 6.91223755
942 7.08364096
942 7.08794105
942 7.08089091
942 7.08034090
942 6.98928909
942 6.96453859
942 6.96348857
942 6.96743865
942 7.18059289
942 7.17994288
942 7.18019289
942 7.18879306
942 7.34299613
942 7.34609619
942 7.32439576
942 7.31439556
942 7.09599121
942 7.11054150
942 7.10319135
942 7.09509119
942 7.17594280
942 7.18164291
942 7.17364276
942 7.17654281
942 7.64355211
942 7.49249910
942 7.49144908
942 7.49694919
