354 2.79890868
354 2.79780867
354 2.79900868
354 2.79865868
354 1.72565535
354 1.72640535
354 1.72540535
354 1.72555535
354 1.86175577
354 1.86105577
354 1.86400578
354 1.85860576
354 1.79895558
354 1.79760557
354 1.79740557
354 1.80230559
354 1.70465528
354 1.70365528
354 1.70605529
354 1.70435528
354 2.40825747
354 2.40660746
354 2.40740746
354 2.40730746
354 2.78790864
354 2.79735867
354 2.78785864
354 2.78840864
354 1.78790554
354 1.78695554
354 1.78670554
354 1.78685554
354 1.94290602
354 1.94280602
354 1.94250602
354 1.94665603
354 2.78690864
354 2.78785864
354 2.78750864
354 2.78780864
354 2.77570860
354 2.77530860
354 2.77665861
354 2.78660864
354 2.40945747
354 2.40970747
354 2.40960747
354 2.40975747
354 2.79275866
354 2.79515866
354 2.79275866
354 2.79420866
354 1.07425333
354 1.07415333
354 1.07410333
354 1.07360333
354 2.70960840
354 2.70955840
354 2.70965840
354 2.70950840
354 1.23380382
354 1.23355382
354 1.23375382
354 1.23350382
354 2.02825629
354 2.02900629
354 2.02980629
354 2.02815629
354 1.59560495
354 1.59620495
354 1.59540495
354 1.59635495
354 2.74170850
354 2.74190850
354 2.74715852
354 2.74265850
354 1.88155583
354 1.88095583
354 1.88165583
354 1.88060583
354 2.79975868
354 2.93815911
354 2.79450866
354 2.79085865
354 2.09820650
354 2.09795650
354 2.09785650
354 2.10950654
354 2.78830864
354 2.78805864
354 2.78980865
354 2.79175865
354 1.64525510
354 1.64395510
354 1.65085512
354 1.65430513
354 1.60110496
354 1.60225497
354 1.60105496
354 1.60055496
354 2.77525860
354 2.77720861
354 2.78190862
354 2.77700861
354 1.61130500
354 1.61190500
354 1.61120499
354 1.61220500
354 2.63245816
354 2.63360816
354 2.63380816
354 2.64155819
354 2.79890868
354 2.79830867
354 2.80310869
354 2.79905868
354 2.59155803
354 2.59175803
354 2.59225804
354 2.59140803
