762 7.41765324
762 7.41295311
762 7.41500317
762 7.41660321
762 4.40632073
762 4.39667047
762 4.40387067
762 4.39672047
762 4.42527125
762 4.41552099
762 4.41587099
762 4.40927081
762 7.11429493
762 7.11114485
762 7.11444494
762 7.11019482
762 6.81743680
762 6.80958658
762 6.81273667
762 6.81373670
762 4.36631964
762 4.48282283
762 4.35441931
762 4.35346929
762 4.26556688
762 4.26571688
762 4.26831695
762 4.26886697
762 7.10784475
762 7.10909479
762 7.10794476
762 7.10529469
762 4.21781557
762 4.22331572
762 4.21426547
762 4.21016536
762 4.62747679
762 4.62087661
762 4.61492645
762 4.60277612
762 5.39994796
762 5.40124799
762 5.40294804
762 5.40269803
762 7.43290366
762 7.43450371
762 7.43585374
762 7.43725378
762 6.33622361
762 6.33907369
762 6.33677363
762 6.33332353
762 4.69737871
762 4.69772872
762 4.70277886
762 4.70187883
762 6.61793133
762 6.61253118
762 6.61978138
762 6.61188117
762 5.26999440
762 5.26739433
762 5.26749433
762 5.34734652
762 7.81906424
762 7.67531030
762 7.64720953
762 7.63025907
762 7.39020249
762 7.48400506
762 7.48470508
762 7.32485070
762 7.09069429
762 7.26424904
762 7.24284845
762 7.23684829
762 4.47637265
762 4.35876943
762 4.34351901
762 4.33141868
762 7.53390643
762 7.27644937
762 7.21734776
762 7.21639773
762 5.71490659
762 5.71795667
762 5.71825668
762 5.71680664
762 4.76373053
762 4.75968042
762 4.76258049
762 4.75928040
762 6.87468837
762 6.87503838
762 6.87868848
762 6.87463837
762 4.74207993
762 4.73992987
762 4.73882984
762 4.74272995
762 4.40407067
762 4.39747049
762 4.41082086
762 4.39502042
762 7.19044702
762 7.19359710
762 7.18659691
762 7.19094703
762 6.43702637
762 6.43572634
762 6.44442658
762 6.43962645
762 7.29574990
762 7.28669966
762 7.24194843
762 7.23044811
762 4.25631662
762 4.26016673
762 4.26866696
762 4.25846668
