234 2.59290259
234 2.58860259
234 2.58990259
234 2.58840259
234 2.60130260
234 2.60130260
234 2.60605261
234 2.60210260
234 2.61935262
234 2.61840262
234 2.61840262
234 2.62050262
234 0.97170097
234 0.97085097
234 0.97165097
234 0.97070097
234 2.60220260
234 2.59800260
234 2.59820260
234 2.60550261
234 2.59980260
234 2.60125260
234 2.59970260
234 2.60045260
234 1.83220183
234 1.83685184
234 1.83400183
234 1.83225183
234 2.14445214
234 2.14315214
234 2.14360214
234 2.14410214
234 2.58790259
234 2.58780259
234 2.58765259
234 2.59230259
234 0.96915097
234 0.96885097
234 0.96800097
234 0.96840097
234 2.60125260
234 2.59890260
234 2.61055261
234 2.60300260
234 2.58820259
234 2.59315259
234 2.58930259
234 2.58785259
234 1.30990131
234 1.30975131
234 1.30870131
234 1.30905131
234 2.60260260
234 2.60105260
234 2.60120260
234 2.60250260
234 0.96720097
234 0.96795097
234 0.96790097
234 0.96785097
234 2.42340242
234 2.41830242
234 2.41825242
234 2.42050242
234 2.60885261
234 2.61005261
234 2.61195261
234 2.61185261
234 2.59965260
234 2.60035260
234 2.59875260
234 2.60045260
234 2.35620236
234 2.35570236
234 2.35705236
234 2.35935236
234 2.58820259
234 2.58785259
234 2.59460259
234 2.58850259
234 1.95180195
234 2.05520206
234 1.94095194
234 1.94165194
234 2.58970259
234 2.58780259
234 2.58780259
234 2.59005259
234 1.87215187
234 1.87130187
234 1.87150187
234 1.87205187
234 2.61390261
234 2.61310261
234 2.60970261
234 2.60900261
234 2.29120229
234 2.30100230
234 2.29065229
234 2.29320229
234 1.68820169
234 1.68790169
234 1.68805169
234 1.68780169
234 2.60145260
234 2.59920260
234 2.60055260
234 2.60440260
234 2.60940261
234 2.60945261
234 2.60985261
234 2.61805262
234 1.83265183
234 1.83315183
234 1.83250183
234 1.83250183
234 2.52105252
234 2.51555252
234 2.51705252
234 2.51555252
