838 7.38240778
838 7.38225778
838 7.38020775
838 7.38100776
838 7.43545856
838 7.47595915
838 7.46150894
838 7.46100893
838 7.19000497
838 7.19435504
838 7.18125485
838 7.18270487
838 7.40780815
838 7.43935861
838 7.41205822
838 7.41315823
838 4.84962080
838 4.84692077
838 4.84157069
838 4.84952080
838 7.15190442
838 7.15970453
838 7.16195456
838 7.17080469
838 4.22666171
838 4.23236179
838 4.23461183
838 4.22481168
838 6.94340137
838 6.93670128
838 6.93120120
838 6.94365138
838 7.20590521
838 7.16725464
838 7.16960468
838 7.17770479
838 7.10640375
838 7.10575374
838 7.13265414
838 7.13210413
838 7.43620857
838 7.39900803
838 7.41870831
838 7.40570812
838 4.23386181
838 4.23606185
838 4.22991176
838 4.22456168
838 4.50161572
838 4.50071571
838 4.50636579
838 4.51131587
838 5.17412554
838 5.16847546
838 5.16297538
838 5.16692544
838 7.20275516
838 7.19580506
838 7.18710493
838 7.18035483
838 7.16535461
838 7.16950467
838 7.17320473
838 7.18640492
838 6.66479731
838 6.65969723
838 6.68044753
838 6.67984753
838 4.48306545
838 4.47351531
838 4.48191544
838 4.49251559
838 7.15070440
838 7.14680434
838 7.15875452
838 7.14085426
838 4.51571593
838 4.51476592
838 4.51626594
838 4.52701609
838 7.33620711
838 7.41680829
838 7.37370766
838 7.37895773
838 7.19565506
838 7.19225501
838 7.19640507
838 7.18970497
838 7.13655419
838 7.13330415
838 7.13165412
838 7.13155412
838 7.48075922
838 7.48750932
838 7.48185924
838 7.48640930
838 7.57821064
838 7.55326028
838 7.55341028
838 7.55836035
838 5.57858145
838 5.58078148
838 5.57903145
838 5.58428153
838 7.11930394
838 7.09965365
838 7.10395372
838 7.10215369
838 7.20140514
838 7.20025512
838 7.20550520
838 7.20490519
838 4.58926700
838 4.59096703
838 4.59426708
838 4.58906700
838 4.35856364
838 4.33596331
838 4.32996322
838 4.33351327
