250 0.97165000
250 0.97170000
250 0.97775000
250 0.97155000
250 2.62380000
250 2.62390000
250 2.62465000
250 2.62565000
250 1.44845000
250 1.44845000
250 1.44840000
250 1.44745000
250 2.63485000
250 2.62580000
250 2.62915000
250 2.63165000
250 2.61185000
250 2.61425000
250 2.61170000
250 2.61255000
250 2.62320000
250 2.62980000
250 2.62400000
250 2.62360000
250 0.98335000
250 0.98335000
250 0.98255000
250 0.98325000
250 0.97540000
250 0.97560000
250 0.97615000
250 0.97600000
250 2.61180000
250 2.61170000
250 2.61560000
250 2.61280000
250 2.64785000
250 2.63935000
250 2.64000000
250 2.64110000
250 1.88620000
250 1.88535000
250 1.88535000
250 1.89175000
250 2.42395000
250 2.42515000
250 2.42395000
250 2.42405000
250 2.63370000
250 2.63355000
250 2.63380000
250 2.63435000
250 2.35845000
250 2.35850000
250 2.36765000
250 2.35980000
250 2.02120000
250 2.01570000
250 2.01485000
250 2.01485000
250 1.98360000
250 1.98670000
250 1.98660000
250 1.98345000
250 2.62635000
250 2.62530000
250 2.62790000
250 2.62615000
250 2.62525000
250 2.62650000
250 2.62880000
250 2.62525000
250 2.02235000
250 2.03200000
250 2.02225000
250 2.02300000
250 2.61185000
250 2.61180000
250 2.61175000
250 2.61275000
250 2.17010000
250 2.20970000
250 2.16460000
250 2.16290000
250 2.63100000
250 2.63100000
250 2.63170000
250 2.63315000
250 2.61200000
250 2.61180000
250 2.61815000
250 2.61200000
250 2.63420000
250 2.62930000
250 2.62885000
250 2.62395000
250 0.97885000
250 0.97950000
250 0.97885000
250 0.97970000
250 1.69295000
250 1.70285000
250 1.69305000
250 1.69375000
250 2.09010000
250 2.08980000
250 2.08975000
250 2.08975000
250 0.97860000
250 0.97700000
250 0.97690000
250 0.97615000
250 1.63285000
250 1.63225000
250 1.64025000
250 1.63205000
250 0.97975000
250 0.97980000
250 0.97905000
250 0.97975000
