474 2.05890453
474 2.05240452
474 2.05235452
474 2.05170451
474 1.52555336
474 1.52010334
474 1.51925334
474 1.51920334
474 2.04490450
474 2.03635448
474 2.03595448
474 2.03985449
474 2.73205601
474 2.73125601
474 2.72975601
474 2.73365601
474 1.08645239
474 1.08655239
474 1.08625239
474 1.08625239
474 1.55085341
474 1.54795341
474 1.54810341
474 1.54480340
474 1.49450329
474 1.49290328
474 1.49510329
474 1.49290328
474 1.89675417
474 1.89665417
474 1.89670417
474 1.90585419
474 2.67655589
474 2.68110590
474 2.67615589
474 2.67705589
474 1.86025409
474 1.86210410
474 1.86040409
474 1.86030409
474 2.86275630
474 2.85885629
474 2.85955629
474 2.85375628
474 2.36405520
474 2.36385520
474 2.36530520
474 2.36540520
474 2.52290555
474 2.51605554
474 2.51505553
474 2.51980554
474 1.09620241
474 1.09535241
474 1.09595241
474 1.09455241
474 1.09615241
474 1.09535241
474 1.09680241
474 1.09525241
474 2.15520474
474 2.15520474
474 2.15590474
474 2.15535474
474 2.87240632
474 2.86190630
474 2.86285630
474 2.86285630
474 1.83275403
474 1.83340403
474 1.83915405
474 1.84110405
474 1.86080409
474 1.86110409
474 1.86485410
474 1.85995409
474 1.08670239
474 1.08755239
474 1.08650239
474 1.08655239
474 2.26940499
474 2.42220533
474 2.26975499
474 2.26945499
474 2.57280566
474 2.57380566
474 2.57195566
474 2.57880567
474 1.69105372
474 1.69020372
474 1.69040372
474 1.69100372
474 2.60020572
474 2.59940572
474 2.60100572
474 2.60090572
474 1.43910317
474 1.43860316
474 1.43840316
474 1.44165317
474 2.86715631
474 2.86710631
474 2.86675631
474 2.86745631
474 2.84195625
474 2.84110625
474 2.84625626
474 2.84210625
474 1.99555439
474 1.99780440
474 1.99460439
474 1.99495439
474 1.68175370
474 1.68270370
474 1.68240370
474 1.68080370
474 2.50890552
474 2.53055557
474 2.50385551
474 2.50655551
