534 2.12366041
534 2.12561042
534 2.12171040
534 2.12346040
534 2.29356124
534 2.29651125
534 2.29161123
534 2.29406124
534 2.78191363
534 2.78116363
534 2.77986362
534 2.78256363
534 1.83075897
534 1.83080897
534 1.82805896
534 1.81775891
534 1.89090927
534 1.89185927
534 1.89190927
534 1.89275927
534 2.86426403
534 2.85856401
534 2.85836401
534 2.84816396
534 2.65851303
534 2.65291300
534 2.65556301
534 2.65241300
534 2.91806430
534 2.92051431
534 2.92001431
534 2.91956431
534 2.33551144
534 2.33651145
534 2.33861146
534 2.33771145
534 3.02301481
534 3.02046480
534 3.01966480
534 3.01831479
534 3.05376496
534 3.05571497
534 3.05651498
534 3.05276496
534 2.76776356
534 2.76726356
534 2.76866357
534 2.77706361
534 3.20686571
534 3.20806572
534 3.20606571
534 3.21221574
534 1.81235888
534 1.81415889
534 1.81305888
534 1.81100887
534 2.39371173
534 2.38986171
534 2.39086172
534 2.39216172
534 2.09446026
534 2.09351026
534 2.09326026
534 2.09321026
534 2.63911293
534 2.63591292
534 2.63331290
534 2.63491291
534 1.95175956
534 1.95285957
534 1.95135956
534 1.95780959
534 3.22321579
534 3.22291579
534 3.23211584
534 3.22486580
534 3.31116622
534 3.31271623
534 3.30896621
534 3.30941622
534 3.30606620
534 3.49041710
534 3.29671615
534 3.29711616
534 2.86776405
534 2.87121407
534 2.87316408
534 2.86646405
534 2.61616282
534 2.61486281
534 2.61431281
534 2.61356281
534 1.97845969
534 1.97885970
534 1.97720969
534 1.97140966
534 2.71076328
534 2.71086328
534 2.71011328
534 2.71041328
534 1.51830744
534 1.51855744
534 1.51815744
534 1.52020745
534 1.61010789
534 1.60765788
534 1.60610787
534 1.60510787
534 2.62816288
534 2.62886288
534 2.62761288
534 2.62856288
534 2.62141284
534 2.62126284
534 2.62066284
534 2.62041284
534 2.61851283
534 2.61826283
534 2.61676282
534 2.61746283
