426 1.09005828
426 1.09015829
426 1.09250830
426 1.09075829
426 1.50286142
426 1.50206142
426 1.50271142
426 1.50276142
426 1.63601243
426 1.63306241
426 1.63276241
426 1.63266241
426 1.09390831
426 1.09385831
426 1.09320831
426 1.09470832
426 2.83622156
426 2.83587155
426 2.84022159
426 2.83747156
426 1.65621259
426 1.65511258
426 1.65496258
426 1.65561258
426 1.62241233
426 1.62261233
426 1.62376234
426 1.62231233
426 2.02521539
426 2.02521539
426 2.02586540
426 2.03016543
426 2.19621669
426 2.19526668
426 2.19546669
426 2.19601669
426 1.61146225
426 1.61196225
426 1.61221225
426 1.61106224
426 1.70576296
426 1.70421295
426 1.70871299
426 1.70496296
426 1.95406485
426 1.95351485
426 1.95496486
426 1.95341485
426 2.83907158
426 2.83702156
426 2.83712156
426 2.83882158
426 1.58971208
426 1.58966208
426 1.58886208
426 1.58961208
426 2.27491729
426 2.27496729
426 2.27476729
426 2.27526729
426 2.41886838
426 2.40876831
426 2.41366834
426 2.40931831
426 2.84687164
426 2.84837165
426 2.84602163
426 2.84632163
426 1.82006383
426 1.82256385
426 1.82011383
426 1.83076391
426 2.38176810
426 2.38206810
426 2.38191810
426 2.38261811
426 1.09330831
426 1.09315831
426 1.09345831
426 1.09305831
426 2.27971733
426 2.41871838
426 2.27586730
426 2.27611730
426 2.92687224
426 2.92957226
426 2.93112228
426 2.92527223
426 2.81597140
426 2.81657141
426 2.81532140
426 2.81737141
426 1.14195868
426 1.13965866
426 1.14800872
426 1.14020867
426 1.58321203
426 1.58386204
426 1.58226203
426 1.58401204
426 2.27491729
426 2.27506729
426 2.27476729
426 2.27661730
426 1.48076125
426 1.48071125
426 1.48521129
426 1.47986125
426 2.75717095
426 2.75282092
426 2.75322092
426 2.75417093
426 1.98811511
426 1.98886512
426 1.98721510
426 1.98951512
426 1.53491167
426 1.53481166
426 1.53476166
426 1.53476166
