462 2.38770239
462 2.38845239
462 2.39095239
462 2.38755239
462 1.09230109
462 1.09245109
462 1.09225109
462 1.09145109
462 1.09125109
462 1.09065109
462 1.09145109
462 1.09155109
462 1.09600110
462 1.09440109
462 1.09680110
462 1.09505110
462 2.15415215
462 2.14830215
462 2.14820215
462 2.14900215
462 2.85275285
462 2.85390285
462 2.85200285
462 2.86655287
462 2.71920272
462 2.72365272
462 2.72080272
462 2.73005273
462 2.52255252
462 2.52175252
462 2.52170252
462 2.52250252
462 2.02495202
462 2.03100203
462 2.02490202
462 2.02480202
462 1.09680110
462 1.09595110
462 1.09590110
462 1.09585110
462 2.81085281
462 2.79865280
462 2.80385280
462 2.80875281
462 2.31935232
462 2.35510236
462 2.31520232
462 2.31660232
462 2.74980275
462 2.74840275
462 2.74820275
462 2.75000275
462 2.45890246
462 2.44740245
462 2.44810245
462 2.44660245
462 1.91015191
462 1.90995191
462 1.92135192
462 1.90995191
462 2.07620208
462 2.06010206
462 2.06940207
462 2.06525207
462 2.36640237
462 2.36670237
462 2.36670237
462 2.37160237
462 2.86300286
462 2.86385286
462 2.86450286
462 2.87160287
462 2.42880243
462 2.42825243
462 2.43310243
462 2.42890243
462 2.14430214
462 2.14235214
462 2.14875215
462 2.14385214
462 2.65445265
462 2.80410280
462 2.65455265
462 2.65445265
462 2.12960213
462 2.12870213
462 2.12365212
462 2.12355212
462 2.40560241
462 2.40640241
462 2.40560241
462 2.40795241
462 1.81850182
462 1.81790182
462 1.82400182
462 1.81760182
462 2.15215215
462 2.15060215
462 2.15280215
462 2.15295215
462 2.23095223
462 2.23145223
462 2.23070223
462 2.23215223
462 2.82940283
462 2.83540284
462 2.83090283
462 2.83015283
462 1.80125180
462 1.80145180
462 1.80210180
462 1.80135180
462 2.19915220
462 2.20315220
462 2.19895220
462 2.19915220
462 2.57760258
462 2.57605258
462 2.57590258
462 2.57595258
