434 2.84765866
434 2.84125853
434 2.84255856
434 2.85050872
434 2.74035645
434 2.73970644
434 2.73865642
434 2.74040645
434 2.85625884
434 2.84890869
434 2.84900869
434 2.85055872
434 2.80455777
434 2.80505778
434 2.81015789
434 2.80610781
434 2.85105873
434 2.84990871
434 2.85015871
434 2.85010871
434 1.46108010
434 1.45958007
434 1.45943006
434 1.45998008
434 2.84755866
434 2.84850868
434 2.83855847
434 2.83925849
434 2.09539317
434 2.09534316
434 2.09539317
434 2.10094328
434 1.45392995
434 1.45823004
434 1.45542998
434 1.45457996
434 1.62828354
434 1.62753353
434 1.62638350
434 1.62783353
434 2.82625822
434 2.82810826
434 2.82635822
434 2.82705824
434 2.84050851
434 2.84420859
434 2.83920849
434 2.83995850
434 2.82530820
434 2.82535820
434 2.82650823
434 2.82780825
434 2.85540882
434 2.84200855
434 2.83890848
434 2.83990850
434 2.45455056
434 2.45600059
434 2.45440056
434 2.45445056
434 1.09122248
434 1.09102248
434 1.09047246
434 1.09537256
434 2.84000850
434 2.84100852
434 2.84090852
434 2.84150854
434 2.85335878
434 2.85335878
434 2.84375858
434 2.84765866
434 2.06929263
434 2.06934263
434 2.07074266
434 2.06929263
434 1.09192249
434 1.08967245
434 1.08942244
434 1.09047246
434 1.84998811
434 1.93758991
434 1.84978811
434 1.84883809
434 2.83595842
434 2.82640822
434 2.83705844
434 2.82765825
434 1.98979099
434 1.99454109
434 1.98949098
434 1.99924118
434 1.67043441
434 1.67103442
434 1.66963439
434 1.67033441
434 2.47445097
434 2.47595100
434 2.47505099
434 2.47955108
434 1.51063112
434 1.50908109
434 1.50903109
434 1.50903109
434 2.64545450
434 2.64430447
434 2.64380446
434 2.64585450
434 2.84680864
434 2.85095873
434 2.85055872
434 2.84605863
434 1.09177249
434 1.09092247
434 1.09012246
434 1.09087247
434 2.58560326
434 2.58660328
434 2.58710329
434 2.59030336
