166 2.00416543
166 2.00326543
166 2.00321542
166 2.00471544
166 2.44931886
166 2.45351889
166 2.45101887
166 2.45091887
166 2.45986894
166 2.45876893
166 2.46696900
166 2.45941894
166 0.92675714
166 0.92185710
166 0.92220710
166 0.92060709
166 2.44461882
166 2.43891878
166 2.43886878
166 2.44106880
166 1.62721253
166 1.62951255
166 1.62731253
166 1.62791253
166 2.46071895
166 2.45796893
166 2.45861893
166 2.46506898
166 2.45886893
166 2.45801893
166 2.45966894
166 2.47206903
166 0.91430704
166 0.91495705
166 0.91410704
166 0.91495705
166 2.44951886
166 2.45376889
166 2.45096887
166 2.44921886
166 2.45166888
166 2.45286889
166 2.45151888
166 2.45301889
166 0.91580705
166 0.91455704
166 0.91405704
166 0.91485704
166 2.45391890
166 2.45031887
166 2.45011887
166 2.45026887
166 2.45086887
166 2.45396890
166 2.45081887
166 2.46016894
166 2.47276904
166 2.47391905
166 2.46971902
166 2.46956902
166 0.91440704
166 0.91400704
166 0.91415704
166 0.91415704
166 1.96671514
166 1.96661514
166 1.96746515
166 1.96596514
166 2.45811893
166 2.46126895
166 2.45871893
166 2.45876893
166 2.45176888
166 2.45746892
166 2.45151888
166 2.45266889
166 2.43916878
166 2.44061879
166 2.44371882
166 2.43971879
166 2.17521675
166 2.40201850
166 2.16991671
166 2.16921670
166 2.44981886
166 2.45421890
166 2.45341889
166 2.46111895
166 2.45726892
166 2.45341889
166 2.44956886
166 2.45106887
166 2.45086887
166 2.51401936
166 2.51811939
166 2.45046887
166 2.45901893
166 2.46611899
166 2.45981894
166 2.46006894
166 2.43881878
166 2.44051879
166 2.43896878
166 2.43971879
166 2.45346889
166 2.45181888
166 2.45651892
166 2.45251888
166 1.15760891
166 1.15680891
166 1.15770891
166 1.15710891
166 2.17376674
166 2.18961686
166 2.18106679
166 2.18841685
166 2.43906878
166 2.44316881
166 2.43986879
166 2.43901878
