578 3.50710772
578 3.50385771
578 3.50480771
578 3.50170770
578 4.12035906
578 4.11700906
578 4.11550905
578 4.11560905
578 4.32690952
578 4.32620952
578 4.32975953
578 4.32690952
578 3.57355786
578 3.56510784
578 3.57435786
578 3.57020785
578 4.27355940
578 4.26725939
578 4.26860939
578 4.27005939
578 6.03921329
578 6.04396330
578 6.04406330
578 6.04056329
578 3.63250799
578 3.64320802
578 3.63405799
578 3.63230799
578 3.36170740
578 3.35720739
578 3.34920737
578 3.34885737
578 4.20060924
578 4.19480923
578 4.20425925
578 4.19560923
578 4.09540901
578 4.09975902
578 4.09750901
578 4.09500901
578 3.85645848
578 3.86070849
578 3.85655848
578 3.85935849
578 4.39510967
578 4.39705967
578 4.38410965
578 4.38170964
578 4.28845943
578 4.28150942
578 4.27845941
578 4.27195940
578 4.04105889
578 4.04175889
578 4.04545890
578 4.04190889
578 3.69415813
578 3.68620811
578 3.68515811
578 3.68440811
578 3.90120858
578 3.89920858
578 3.89995858
578 3.90055858
578 3.66175806
578 3.66170806
578 3.66700807
578 3.66895807
578 3.81360839
578 3.81295839
578 3.81220839
578 3.81105838
578 4.47990986
578 4.47780985
578 4.47795985
578 4.48260986
578 3.40610749
578 3.41055750
578 3.40685750
578 3.40850750
578 3.68260810
578 3.88810855
578 3.66850807
578 3.66980807
578 3.59070790
578 3.58430789
578 3.58650789
578 3.58435789
578 3.49845770
578 3.49770769
578 3.50035770
578 3.51190773
578 4.17640919
578 4.17515919
578 4.17755919
578 4.17700919
578 3.56285784
578 3.55965783
578 3.55925783
578 3.55965783
578 3.60870794
578 3.60690794
578 3.61140795
578 3.62840798
578 3.39430747
578 3.39240746
578 3.39195746
578 3.39420747
578 3.84940847
578 3.85510848
578 3.85065847
578 3.84945847
578 3.01960664
578 3.02040664
578 3.01975664
578 3.02040664
578 5.11201125
578 5.10396123
578 5.10391123
578 5.10576123
