486 2.67966715
486 2.68246717
486 2.67701713
486 2.68021715
486 1.10045704
486 1.10045704
486 1.10045704
486 1.10065704
486 1.09075698
486 1.09065698
486 1.09670702
486 1.09065698
486 2.65231697
486 2.65631700
486 2.65141697
486 2.65326698
486 1.74451116
486 1.74621118
486 1.74426116
486 1.74446116
486 2.61451673
486 2.61521674
486 2.61596674
486 2.61996677
486 1.44395924
486 1.44755926
486 1.44540925
486 1.44380924
486 1.10000704
486 1.09990704
486 1.10110705
486 1.09985704
486 1.55070992
486 1.54505989
486 1.54645990
486 1.54575989
486 2.06401321
486 2.06276320
486 2.06271320
486 2.06226320
486 2.04041306
486 2.04026306
486 2.04016306
486 2.03936305
486 2.11091351
486 2.10971350
486 2.11141351
486 2.11291352
486 2.81211800
486 2.81231800
486 2.81136799
486 2.81351801
486 2.24661438
486 2.24231435
486 2.24156435
486 2.24281435
486 2.86071831
486 2.86161831
486 2.86161831
486 2.86141831
486 1.47420943
486 1.47305943
486 1.47475944
486 1.47405943
486 2.24351436
486 2.24786439
486 2.24406436
486 2.24446436
486 1.09680702
486 1.09820703
486 1.09740702
486 1.09840703
486 1.89831215
486 1.89746214
486 1.90171217
486 1.89816215
486 1.91331225
486 1.92031229
486 1.91321224
486 1.91461225
486 1.80491155
486 1.99326276
486 1.80306154
486 1.80491155
486 2.55156633
486 2.54666630
486 2.54636630
486 2.54871631
486 2.59201659
486 2.59176659
486 2.59181659
486 2.59406660
486 1.98576271
486 1.98416270
486 1.98411270
486 1.98416270
486 2.87051837
486 2.86941836
486 2.86886836
486 2.87116838
486 2.84971824
486 2.86336833
486 2.85311826
486 2.84761822
486 1.75006120
486 1.74871119
486 1.74791119
486 1.74936120
486 1.10050704
486 1.09900703
486 1.10355706
486 1.10285706
486 2.66591706
486 2.65661700
486 2.65596700
486 2.65621700
486 2.09291339
486 2.09296339
486 2.09281339
486 2.09371340
