82 1.95100351
82 1.94130349
82 1.94105349
82 1.94130349
82 1.94650350
82 1.94805351
82 1.94760351
82 1.94760351
82 1.94625350
82 1.94715350
82 1.94885351
82 1.94575350
82 1.93165348
82 1.93560348
82 1.93145348
82 1.93210348
82 1.93995349
82 1.93930349
82 1.94155349
82 1.94100349
82 1.94695350
82 1.94800351
82 1.98130357
82 1.94740351
82 1.94710350
82 1.94635350
82 1.94730351
82 1.94885351
82 1.93035347
82 1.93215348
82 1.93065348
82 1.93240348
82 1.93975349
82 1.94615350
82 1.94035349
82 1.93875349
82 1.94740351
82 1.94670350
82 1.94880351
82 1.94530350
82 1.93730349
82 1.93170348
82 1.94375350
82 1.93370348
82 1.94030349
82 1.94025349
82 1.93915349
82 1.93965349
82 1.94830351
82 1.97145355
82 1.94045349
82 1.94240350
82 1.94665350
82 1.94785351
82 1.94900351
82 1.94985351
82 1.93205348
82 1.93260348
82 1.93085348
82 1.93190348
82 1.94365350
82 1.94270350
82 1.94735351
82 1.94285350
82 1.97250355
82 1.98075357
82 1.94785351
82 1.94900351
82 1.94135349
82 1.93890349
82 1.94135349
82 1.94085349
82 0.73375132
82 0.73535132
82 0.73380132
82 0.73375132
82 1.94050349
82 1.94285350
82 1.94930351
82 1.94410350
82 1.93955349
82 2.23610402
82 1.94335350
82 1.97520356
82 1.92855347
82 1.93190348
82 1.93105348
82 1.92935347
82 0.73805133
82 0.73820133
82 0.73925133
82 0.73800133
82 1.93925349
82 1.94010349
82 1.94440350
82 1.93890349
82 1.94775351
82 1.94765351
82 1.94625350
82 1.94990351
82 1.94795351
82 1.95650352
82 1.94830351
82 1.95080351
82 1.95085351
82 1.95945353
82 1.95170351
82 1.94750351
82 1.93195348
82 1.93285348
82 1.93155348
82 1.93155348
82 1.94220350
82 1.94050349
82 1.95040351
82 1.94210350
82 0.73985133
82 0.73555132
82 0.73645133
82 0.73520132
