862 6.27808166
862 6.27728163
862 6.28623196
862 6.25943097
862 6.00017141
862 6.00442156
862 6.00607162
862 5.99982139
862 5.47110188
862 5.47060187
862 5.47995221
862 5.46995184
862 7.11516255
862 7.14111351
862 7.14526366
862 7.13466327
862 7.08081128
862 7.08791154
862 7.08061127
862 7.08606148
862 5.38739880
862 5.39344902
862 5.38834883
862 5.38794882
862 6.82910199
862 6.83345215
862 6.83000203
862 6.83150208
862 6.83700229
862 6.80995129
862 6.81060131
862 6.81970165
862 6.01027178
862 6.00012140
862 6.00322152
862 5.99872135
862 6.34743422
862 6.34543415
862 6.34243404
862 6.34603417
862 4.74942525
862 4.74962526
862 4.75252537
862 4.74867523
862 7.02895937
862 7.02695929
862 7.02095907
862 7.02060906
862 5.62455755
862 5.62495756
862 5.62885770
862 5.62515757
862 7.60338056
862 7.60268054
862 7.60043046
862 7.60583066
862 7.06721078
862 7.07311100
862 7.07146094
862 7.06861083
862 7.32427027
862 7.34027086
862 7.32437027
862 7.33297059
862 4.88433023
862 4.88963043
862 4.88318019
862 4.88438023
862 4.48541551
862 4.48681556
862 4.49356581
862 4.48616554
862 6.94935643
862 6.94455625
862 6.94675634
862 6.94525628
862 7.09486180
862 7.09911196
862 7.09486180
862 7.10341212
862 7.65748256
862 7.82903889
862 7.71888483
862 7.72298498
862 7.06301063
862 7.06311063
862 7.05981051
862 7.05981051
862 6.98140761
862 6.98565777
862 6.98190763
862 6.96710709
862 5.20724215
862 5.20189195
862 5.20129193
862 5.21004225
862 4.42506328
862 4.42471327
862 4.42496328
862 4.42486328
862 7.03455958
862 7.03380955
862 7.02990940
862 7.02995941
862 5.33954703
862 5.33964703
862 5.34199712
862 5.34014705
862 5.08908779
862 5.09098786
862 5.08488763
862 5.08393760
862 7.18416510
862 7.17816487
862 7.17791487
862 7.17636481
862 6.37363519
862 6.34748422
862 6.37173512
862 6.37663530
