182 2.49370249
182 2.49295249
182 2.49255249
182 2.49510250
182 2.51110251
182 2.51465251
182 2.51115251
182 2.51260251
182 2.50385250
182 2.50970251
182 2.50335250
182 2.50650251
182 0.93640094
182 0.93650094
182 0.93725094
182 0.93650094
182 2.51000251
182 2.50530251
182 2.50745251
182 2.50530251
182 2.49365249
182 2.49270249
182 2.49365249
182 2.49385249
182 2.50320250
182 2.50895251
182 2.50305250
182 2.50565251
182 1.04755105
182 1.04710105
182 1.04780105
182 1.06045106
182 2.51215251
182 2.52450252
182 2.52130252
182 2.51165251
182 2.49290249
182 2.49350249
182 2.49270249
182 2.49350249
182 2.50410250
182 2.50465250
182 2.50400250
182 2.50460250
182 0.93740094
182 0.94500095
182 0.93610094
182 0.93730094
182 2.49450249
182 2.49315249
182 2.49690250
182 2.49415249
182 2.50820251
182 2.50630251
182 2.50705251
182 2.50945251
182 2.51340251
182 2.51360251
182 2.51335251
182 2.51410251
182 2.51290251
182 2.50870251
182 2.50390250
182 2.50405250
182 1.90315190
182 1.90305190
182 1.90300190
182 1.90390190
182 2.52485252
182 2.51365251
182 2.51550252
182 2.51480251
182 2.50405250
182 2.50800251
182 2.50375250
182 2.50545251
182 2.51285251
182 2.51375251
182 2.51345251
182 2.51375251
182 2.51350251
182 2.76155276
182 2.52045252
182 2.51660252
182 2.49470249
182 2.49310249
182 2.49290249
182 2.49345249
182 2.51265251
182 2.50925251
182 2.50710251
182 2.51045251
182 0.94670095
182 0.93275093
182 0.93380093
182 0.93350093
182 2.51275251
182 2.55050255
182 2.52185252
182 2.51325251
182 2.51295251
182 2.51615252
182 2.51085251
182 2.51530252
182 1.92405192
182 1.92390192
182 1.92390192
182 1.92395192
182 0.93305093
182 0.93355093
182 0.93950094
182 0.93295093
182 2.51410251
182 2.51025251
182 2.51115251
182 2.50855251
182 2.51160251
182 2.51645252
182 2.51135251
182 2.51130251
