1002 7.45767983
1002 7.46172985
1002 7.45532982
1002 7.45307981
1002 5.44837179
1002 5.45302181
1002 5.44377178
1002 5.44987180
1002 7.09212837
1002 7.09602838
1002 7.09182837
1002 7.09262837
1002 7.26822907
1002 7.26242905
1002 7.26872907
1002 7.26582906
1002 7.49042996
1002 7.48952996
1002 7.48827995
1002 7.49292997
1002 7.09352837
1002 7.09032836
1002 7.09387838
1002 7.09272837
1002 5.42702171
1002 5.42727171
1002 5.43602174
1002 5.42662171
1002 6.74222697
1002 6.73597694
1002 6.73812695
1002 6.73452694
1002 6.94822779
1002 6.95327781
1002 6.94897780
1002 6.95302781
1002 7.27687911
1002 7.27932912
1002 7.27442910
1002 7.27467910
1002 7.27892912
1002 7.28992916
1002 7.27147909
1002 7.27877912
1002 7.41212965
1002 7.41162965
1002 7.41757967
1002 7.41077964
1002 6.82322729
1002 6.82112728
1002 6.82547730
1002 6.81887728
1002 7.10937844
1002 7.10167841
1002 7.09562838
1002 7.09997840
1002 7.31522926
1002 7.31387926
1002 7.30737923
1002 7.30722923
1002 7.58078032
1002 7.58188033
1002 7.58488034
1002 7.58273033
1002 5.82782331
1002 5.83142333
1002 5.82857331
1002 5.81872327
1002 7.11602846
1002 7.11087844
1002 7.11107844
1002 7.10967844
1002 7.30567922
1002 7.30412922
1002 7.29922920
1002 7.29852919
1002 7.26192905
1002 7.26572906
1002 7.25912904
1002 7.25952904
1002 7.06592826
1002 7.58513034
1002 7.28407914
1002 7.26212905
1002 7.47352989
1002 7.47657991
1002 7.47677991
1002 7.47432990
1002 7.32112928
1002 7.33057932
1002 7.30367921
1002 7.29507918
1002 7.21612886
1002 7.21127885
1002 7.21367885
1002 7.21507886
1002 7.26022904
1002 7.26052904
1002 7.26937908
1002 7.26887908
1002 7.25972904
1002 7.25877904
1002 7.26487906
1002 7.25767903
1002 7.55238021
1002 7.55303021
1002 7.54838019
1002 7.56158025
1002 7.12767851
1002 7.11947848
1002 7.11912848
1002 7.12107848
1002 7.21422886
1002 7.20932884
1002 7.20892884
1002 7.21612886
1002 7.25232901
1002 7.24647899
1002 7.25447902
1002 7.24447898
