370 2.79725280
370 2.79815280
370 2.80205280
370 2.79710280
370 1.82470182
370 1.82490182
370 1.82480182
370 1.82855183
370 2.57835258
370 2.57975258
370 2.57915258
370 2.57820258
370 2.82860283
370 2.82945283
370 2.82870283
370 2.83375283
370 2.41175241
370 2.41275241
370 2.41190241
370 2.41275241
370 2.80510281
370 2.80745281
370 2.80510281
370 2.80635281
370 2.81490281
370 2.81205281
370 2.81225281
370 2.81215281
370 2.81360281
370 2.81375281
370 2.81375281
370 2.81355281
370 2.44345244
370 2.42515243
370 2.42420242
370 2.42505243
370 2.81575282
370 2.81620282
370 2.82190282
370 2.81630282
370 1.77165177
370 1.76520177
370 1.76535177
370 1.77005177
370 1.77955178
370 1.78060178
370 1.78025178
370 1.77965178
370 2.55570256
370 2.55675256
370 2.56620257
370 2.56090256
370 1.60345160
370 1.60410160
370 1.60350160
370 1.60400160
370 2.79145279
370 2.79115279
370 2.79350279
370 2.79205279
370 2.40865241
370 2.40155240
370 2.40225240
370 2.40225240
370 1.08170108
370 1.08175108
370 1.08165108
370 1.08160108
370 2.81395281
370 2.81420281
370 2.81800282
370 2.82115282
370 2.79295279
370 2.79135279
370 2.79185279
370 2.79210279
370 1.94545195
370 1.94460194
370 1.94515195
370 1.94455194
370 2.37145237
370 2.67340267
370 2.37540238
370 2.37020237
370 2.79370279
370 2.79125279
370 2.79255279
370 2.79205279
370 1.73850174
370 1.74020174
370 1.73835174
370 1.74170174
370 1.67950168
370 1.68090168
370 1.68045168
370 1.68005168
370 2.80870281
370 2.80345280
370 2.80360280
370 2.80420280
370 1.95455195
370 1.95010195
370 1.95110195
370 1.95000195
370 1.72415172
370 1.72445172
370 1.72490172
370 1.72425172
370 2.73450273
370 2.73540274
370 2.73440273
370 2.74000274
370 2.61810262
370 2.61805262
370 2.61720262
370 2.62600263
370 2.25590226
370 2.25685226
370 2.25590226
370 2.25700226
