138 2.36750876
138 2.36875876
138 2.36620875
138 2.36740876
138 2.11095781
138 2.11385782
138 2.11065781
138 2.11000781
138 2.35685872
138 2.35590872
138 2.35645872
138 2.35720872
138 2.36515875
138 2.36520875
138 2.37215878
138 2.36350874
138 2.36490875
138 2.36390875
138 2.36545875
138 2.36585875
138 0.88350327
138 0.88360327
138 0.88450327
138 0.88340327
138 2.37670879
138 2.36980877
138 2.36815876
138 2.36635876
138 2.36595875
138 2.36365875
138 2.36520875
138 2.36520875
138 2.35775872
138 2.35925873
138 2.35770872
138 2.36090874
138 2.35555872
138 2.35625872
138 2.35645872
138 2.35585872
138 2.36240874
138 2.35880873
138 2.35855873
138 2.35720872
138 2.37535879
138 2.37300878
138 2.37445879
138 2.37355878
138 2.34585868
138 2.34540868
138 2.34530868
138 2.34740869
138 2.36745876
138 2.36985877
138 2.36425875
138 2.36585875
138 2.35660872
138 2.35590872
138 2.36045873
138 2.37295878
138 2.36520875
138 2.36635876
138 2.36770876
138 2.36550875
138 2.34680868
138 2.34535868
138 2.34530868
138 2.34675868
138 2.36465875
138 2.36830876
138 2.36395875
138 2.37300878
138 0.88850329
138 0.88810329
138 0.88785329
138 0.88650328
138 2.37315878
138 2.36865876
138 2.37420878
138 2.36380875
138 2.35775872
138 2.59205959
138 2.35565872
138 2.36850876
138 2.34545868
138 2.34620868
138 2.35730872
138 2.35465871
138 2.15110796
138 2.14885795
138 2.15795798
138 2.14875795
138 0.89095330
138 0.90315334
138 0.89005329
138 0.89085330
138 2.35670872
138 2.35585872
138 2.35660872
138 2.35700872
138 2.34535868
138 2.34555868
138 2.34720868
138 2.34605868
138 2.36740876
138 2.36635876
138 2.36835876
138 2.36635876
138 2.33535864
138 2.33450864
138 2.33365863
138 2.33695865
138 2.36580875
138 2.36710876
138 2.36605875
138 2.36435875
138 2.34645868
138 2.34610868
138 2.35110870
138 2.34500868
