490 1.76201410
490 1.76211410
490 1.76281410
490 1.76131409
490 1.59221274
490 1.59241274
490 1.59281274
490 1.59211274
490 2.40376923
490 2.40491924
490 2.40211922
490 2.40146921
490 1.46716174
490 1.46621173
490 1.46721174
490 1.46701174
490 2.87377299
490 2.86782294
490 2.86577293
490 2.87097297
490 2.32096857
490 2.32201858
490 2.32276858
490 2.32096857
490 1.56791254
490 1.56786254
490 1.56866255
490 1.56871255
490 1.13815911
490 1.13720910
490 1.13825911
490 1.13890911
490 1.10380883
490 1.10370883
490 1.10370883
490 1.10390883
490 2.85057280
490 2.85082281
490 2.85567285
490 2.87192298
490 1.93711550
490 1.94421555
490 1.93631549
490 1.93676549
490 2.87542300
490 2.87607301
490 2.87352299
490 2.87597301
490 1.09495876
490 1.09520876
490 1.09970880
490 1.09475876
490 2.04391635
490 2.04296634
490 2.04286634
490 2.05421643
490 2.27716822
490 2.27781822
490 2.28316827
490 2.28106825
490 1.87941504
490 1.87996504
490 1.88266506
490 1.87836503
490 2.70307162
490 2.70302162
490 2.70237162
490 2.70147161
490 2.86537292
490 2.86472292
490 2.86622293
490 2.86487292
490 2.22246778
490 2.22256778
490 2.22231778
490 2.22431779
490 2.50437003
490 2.48821991
490 2.49116993
490 2.49221994
490 2.59917079
490 2.83317267
490 2.60772086
490 2.59862079
490 2.05751646
490 2.05741646
490 2.05836647
490 2.06921655
490 1.10025880
490 1.09950880
490 1.10185881
490 1.09950880
490 2.48406987
490 2.47981984
490 2.47976984
490 2.48031984
490 1.98001584
490 1.97991584
490 1.97956584
490 1.98061584
490 1.10335883
490 1.10330883
490 1.10465884
490 1.10415883
490 1.84401475
490 1.83976472
490 1.83966472
490 1.84126473
490 2.60467084
490 2.60387083
490 2.60587085
490 2.60602085
490 2.85457284
490 2.85182281
490 2.85072281
490 2.85542284
490 2.16286730
490 2.16176729
490 2.16096729
490 2.16346731
