526 2.11944536
526 2.11679530
526 2.11739531
526 2.11689530
526 2.82496045
526 2.82566047
526 2.82436044
526 2.82566047
526 3.01461451
526 3.01446451
526 3.01541453
526 3.01536453
526 3.04621519
526 3.04571518
526 3.04486516
526 3.04891525
526 2.28369887
526 2.28469889
526 2.28199883
526 2.28349887
526 1.27047719
526 1.27082720
526 1.27167721
526 1.27082720
526 2.64725665
526 2.65160674
526 2.64680664
526 2.64775666
526 1.34422877
526 1.34482878
526 1.34512879
526 1.34447877
526 1.80103854
526 1.80048853
526 1.79963851
526 1.79993852
526 2.24684808
526 2.24004794
526 2.23974793
526 2.24014794
526 2.13554570
526 2.13604571
526 2.13519569
526 2.13614571
526 1.72903700
526 1.72873699
526 1.72738697
526 1.73983723
526 2.42005179
526 2.41980178
526 2.41925177
526 2.42125181
526 2.03784361
526 2.03384352
526 2.03294350
526 2.03449354
526 2.02534334
526 2.02024323
526 2.02024323
526 2.03269350
526 1.58453391
526 1.58408390
526 1.58283387
526 1.58383389
526 2.68515746
526 2.68490746
526 2.68450745
526 2.68655749
526 2.77085930
526 2.77030928
526 2.77080930
526 2.77105930
526 2.68490746
526 2.68495746
526 2.68370743
526 2.69395765
526 2.86731136
526 2.86651134
526 2.86666135
526 2.86676135
526 2.37860090
526 2.37780088
526 2.37810089
526 2.37865090
526 2.88676178
526 2.88776180
526 2.89716200
526 2.88676178
526 1.86273986
526 1.86218985
526 1.86228985
526 1.86223985
526 1.87499012
526 1.87574014
526 1.87604015
526 1.87494012
526 2.34720023
526 2.34195012
526 2.34175011
526 2.34305014
526 2.43755216
526 2.43755216
526 2.43925220
526 2.43825218
526 1.70193642
526 1.70933658
526 1.69993638
526 1.69398625
526 1.86698995
526 1.86788997
526 1.86833998
526 1.86728996
526 1.63448498
526 1.63518499
526 1.63463498
526 1.63778505
526 1.40708011
526 1.41263023
526 1.40733012
526 1.40828014
