442 2.85205476
442 2.85040473
442 2.85085474
442 2.85190476
442 1.09387100
442 1.09562104
442 1.09477102
442 1.09377100
442 2.68355152
442 2.68435154
442 2.68335152
442 2.68415154
442 2.69640177
442 2.70195188
442 2.69620177
442 2.70260189
442 2.11089053
442 2.11154054
442 2.11174055
442 2.11229056
442 2.29634409
442 2.29549407
442 2.29594408
442 2.29624409
442 2.09864029
442 2.08699007
442 2.08614005
442 2.08709007
442 2.08594005
442 2.08594005
442 2.08664006
442 2.08609005
442 2.58674967
442 2.58359961
442 2.58744968
442 2.58119956
442 2.85365479
442 2.85050473
442 2.85140475
442 2.84105455
442 1.17242251
442 1.17217251
442 1.17277252
442 1.17232251
442 2.80085378
442 2.79735371
442 2.79710370
442 2.79775372
442 2.36434540
442 2.36509541
442 2.36489541
442 2.37079552
442 2.84985472
442 2.83960452
442 2.83975452
442 2.84055454
442 2.83145436
442 2.83010434
442 2.82995434
442 2.83140436
442 1.27282444
442 1.26792434
442 1.26847435
442 1.26702433
442 2.85000472
442 2.85015472
442 2.85120474
442 2.85045473
442 2.86140494
442 2.85155475
442 2.85245477
442 2.84760467
442 2.40484617
442 2.40419616
442 2.40569619
442 2.40484617
442 2.19039206
442 2.19129207
442 2.19024205
442 2.19514215
442 1.09177096
442 1.13117172
442 1.09092095
442 1.09087094
442 2.23244286
442 2.23294287
442 2.23234286
442 2.23359288
442 1.73423330
442 1.74008341
442 1.73398329
442 1.73418330
442 2.85145475
442 2.84995472
442 2.85010472
442 2.85190476
442 2.86105493
442 2.85905489
442 2.85825488
442 2.85980491
442 1.08497083
442 1.08492083
442 1.08492083
442 1.08492083
442 1.82933512
442 1.83048515
442 1.82843511
442 1.83568525
442 2.32409462
442 2.32539465
442 2.32219459
442 2.32139457
442 2.32604466
442 2.32764469
442 2.32694468
442 2.32674467
442 2.03633910
442 2.03918915
442 2.03433906
442 2.03443906
