666 4.35115435
666 4.35120435
666 4.34455434
666 4.34250434
666 3.95575396
666 3.95570396
666 3.95645396
666 3.95590396
666 4.26425426
666 4.25350425
666 4.25345425
666 4.25265425
666 3.97315397
666 3.97510398
666 3.97725398
666 3.97570398
666 7.05275705
666 7.05755706
666 7.06840707
666 7.05160705
666 5.47735548
666 5.47590548
666 5.48070548
666 5.47420547
666 4.12125412
666 4.12440412
666 4.12110412
666 4.12085412
666 4.13325413
666 4.13245413
666 4.13585414
666 4.13315413
666 4.12195412
666 4.11755412
666 4.11730412
666 4.12050412
666 4.52245452
666 4.52965453
666 4.52760453
666 4.52105452
666 7.11065711
666 7.10715711
666 7.11130711
666 7.10495710
666 7.29900730
666 7.30370730
666 7.28315728
666 7.28600729
666 7.41680742
666 7.41280741
666 7.41110741
666 7.42095742
666 3.97525398
666 3.97400397
666 3.97405397
666 3.97515398
666 4.70970471
666 4.70140470
666 4.69395469
666 4.69345469
666 5.16160516
666 5.16470516
666 5.16310516
666 5.15475515
666 4.44285444
666 4.45180445
666 4.44640445
666 4.44285444
666 7.53960754
666 7.53985754
666 7.54745755
666 7.53330753
666 7.05535706
666 7.05835706
666 7.05375705
666 7.05285705
666 4.20080420
666 4.21795422
666 4.20615421
666 4.20150420
666 4.49295449
666 4.73220473
666 4.47250447
666 4.47410447
666 7.34775735
666 7.34920735
666 7.34285734
666 7.34520735
666 7.62060762
666 7.61040761
666 7.61125761
666 7.61950762
666 4.09815410
666 4.09765410
666 4.10185410
666 4.09775410
666 7.35935736
666 7.33245733
666 7.33180733
666 7.36875737
666 4.37325437
666 4.37420437
666 4.37500438
666 4.37330437
666 7.49635750
666 7.48955749
666 7.49615750
666 7.49625750
666 4.13490413
666 4.13570414
666 4.13915414
666 4.13510414
666 4.12325412
666 4.12695413
666 4.12410412
666 4.12300412
666 4.21535422
666 4.21925422
666 4.20915421
666 4.20115420
