790 4.25512659
790 4.26277673
790 4.25672662
790 4.25222654
790 7.45743423
790 7.46323434
790 7.47233450
790 7.45558420
790 7.16887904
790 7.21072979
790 7.19047943
790 7.17672918
790 7.16062889
790 7.17737919
790 7.17022906
790 7.13557844
790 5.88050585
790 5.86855563
790 5.84915528
790 5.85620541
790 6.99702595
790 6.98787578
790 6.99957599
790 6.99172585
790 5.94770706
790 5.92155659
790 5.92680668
790 5.92045657
790 7.11567808
790 7.11362805
790 7.13167837
790 7.11592809
790 4.53133156
790 4.53628165
790 4.53773168
790 4.53173157
790 7.32278181
790 7.32228180
790 7.32988194
790 7.32348182
790 7.20552970
790 7.20472969
790 7.19887958
790 7.19987960
790 4.16887504
790 4.17962523
790 4.16802502
790 4.17452514
790 5.57465034
790 5.59105064
790 5.57395033
790 5.58225048
790 4.32247780
790 4.32157779
790 4.33122796
790 4.32777790
790 5.07979144
790 5.08579154
790 5.08319150
790 5.08859159
790 5.53659966
790 5.53004954
790 5.53829969
790 5.53959971
790 4.89778816
790 4.87273771
790 4.87828781
790 4.87063767
790 4.36792862
790 4.35642842
790 4.35737843
790 4.36317854
790 4.36182851
790 4.36727861
790 4.37532876
790 4.34732825
790 4.33177797
790 4.33257799
790 4.34177815
790 4.32077777
790 7.40158323
790 7.74503941
790 7.47988464
790 7.47568456
790 4.35312836
790 4.32547786
790 4.33057795
790 4.32577786
790 7.15722883
790 7.15342876
790 7.14352858
790 7.13437842
790 4.29252727
790 4.30557750
790 4.29877738
790 4.29332728
790 5.46349834
790 5.45144813
790 5.44834807
790 5.45429818
790 5.03974072
790 5.04024072
790 5.03849069
790 5.03679066
790 5.83085496
790 5.83320500
790 5.83025494
790 5.84100514
790 7.42563366
790 7.42233360
790 7.42303361
790 7.42698369
790 4.72238500
790 4.69958459
790 4.69648454
790 4.70188463
790 7.22888012
790 7.22718009
790 7.23343020
790 7.23518023
