970 5.60955146
970 5.61770168
970 5.61045148
970 5.61470160
970 7.22119497
970 7.21869490
970 7.22669512
970 7.21919492
970 7.40314989
970 7.40409991
970 7.39904977
970 7.45515129
970 7.64360638
970 7.63955627
970 7.63805623
970 7.67810731
970 6.66432994
970 6.66753002
970 6.66507996
970 6.66883006
970 6.76753272
970 6.76708271
970 6.77283287
970 6.75688244
970 7.47940194
970 7.47860192
970 7.48800218
970 7.47830191
970 7.27084631
970 7.27229635
970 7.26644619
970 7.26264609
970 7.30569725
970 7.29784704
970 7.29804705
970 7.30129714
970 6.81718406
970 6.80808382
970 6.80738380
970 6.82213420
970 6.55682703
970 6.55707704
970 6.56037713
970 6.56057714
970 5.91115960
970 5.91075959
970 5.90880954
970 5.91855980
970 5.81885711
970 5.81755707
970 5.80595676
970 5.80835683
970 5.18854009
970 5.19759033
970 5.18889010
970 5.19449025
970 7.48860219
970 7.49000223
970 7.49540238
970 7.48950222
970 6.83163445
970 6.83128444
970 6.83628458
970 6.82983441
970 6.93743731
970 6.94043739
970 6.93398722
970 6.93468724
970 7.47420180
970 7.47965195
970 7.47415180
970 7.47890193
970 7.19124416
970 7.18624403
970 7.18389397
970 7.18989413
970 6.79733353
970 6.79658351
970 6.80313368
970 6.80143364
970 6.90433642
970 7.07674107
970 6.93548726
970 6.94003738
970 7.28664674
970 7.29019684
970 7.29194688
970 7.28654674
970 7.40745000
970 7.42100037
970 7.41275014
970 7.41520021
970 6.83203446
970 6.83048442
970 6.82843437
970 6.82878438
970 6.82758434
970 6.84978494
970 6.84338477
970 6.84243475
970 7.04294016
970 7.04199013
970 7.04959034
970 7.04734028
970 6.90288638
970 6.90478643
970 6.90973656
970 6.91208663
970 7.00758920
970 7.01838950
970 7.00723920
970 7.00633917
970 7.26559617
970 7.24344557
970 7.25044576
970 7.24014548
970 5.31609353
970 5.30799332
970 5.30604326
970 5.30874334
