174 2.47261137
174 2.47681139
174 2.47346138
174 2.47361138
174 2.48626144
174 2.48616144
174 2.49096146
174 2.48706144
174 0.92705426
174 0.92735427
174 0.92895427
174 0.92640426
174 2.49526148
174 2.49266147
174 2.49481148
174 2.49266147
174 2.47371138
174 2.47271137
174 2.47266137
174 2.47421138
174 2.48416143
174 2.48871145
174 2.48396143
174 2.48471143
174 0.92455425
174 0.92415425
174 0.92530426
174 0.92500426
174 2.49286147
174 2.49426147
174 2.49346147
174 2.49451147
174 2.47746140
174 2.47271137
174 2.47431138
174 2.47346138
174 0.92450425
174 0.92425425
174 0.92360425
174 0.92445425
174 2.49461148
174 2.49186146
174 2.49421147
174 2.49686149
174 2.47291138
174 2.47276137
174 2.47376138
174 2.47856140
174 2.03725937
174 2.03870938
174 2.03790937
174 2.03785937
174 0.92735427
174 0.93575430
174 0.92700426
174 0.92735427
174 2.39766103
174 2.39511102
174 2.39561102
174 2.39516102
174 1.93950892
174 1.94020892
174 1.93940892
174 1.93940892
174 2.49171146
174 2.48566143
174 2.48551143
174 2.48736144
174 2.49096146
174 2.48576143
174 2.48601144
174 2.48631144
174 0.92890427
174 0.92680426
174 0.92720427
174 0.92705426
174 2.47296138
174 2.47436138
174 2.47281137
174 2.47431138
174 2.48541143
174 2.77911278
174 2.49011145
174 2.48531143
174 2.48406143
174 2.47611139
174 2.47781140
174 2.47356138
174 1.92895887
174 1.92655886
174 1.92810887
174 1.93080888
174 2.47271137
174 2.47521139
174 2.47281137
174 2.48691144
174 2.48326142
174 2.48511143
174 2.48331142
174 2.48641144
174 2.49511148
174 2.49336147
174 2.50161151
174 2.49421147
174 2.49786149
174 2.50126151
174 2.50161151
174 2.49571148
174 2.47701139
174 2.47371138
174 2.47296138
174 2.48666144
174 1.93315889
174 1.93415890
174 1.94320894
174 1.93450890
174 2.49411147
174 2.49266147
174 2.50381152
174 2.49261147
