126 2.30650231
126 2.28625229
126 2.28635229
126 2.28850229
126 2.29765230
126 2.29445229
126 2.29275229
126 2.29215229
126 2.29460229
126 2.27460227
126 2.27510228
126 2.27560228
126 2.28690229
126 2.28815229
126 2.28645229
126 2.28750229
126 2.30010230
126 2.29200229
126 2.28950229
126 2.28500229
126 1.78525179
126 1.78310178
126 1.78430178
126 1.78225178
126 0.86370086
126 0.85820086
126 0.85675086
126 0.85750086
126 2.31425231
126 2.29400229
126 2.29910230
126 2.29495229
126 2.29360229
126 2.29445229
126 2.29330229
126 2.29530230
126 2.28495228
126 2.28490228
126 2.28485228
126 2.28510229
126 2.28685229
126 2.28785229
126 2.28570229
126 2.28775229
126 2.31395231
126 2.30180230
126 2.29425229
126 2.29440229
126 0.86755087
126 0.86680087
126 0.87260087
126 0.86645087
126 2.27505228
126 2.27510228
126 2.27675228
126 2.27480227
126 2.29460229
126 2.28560229
126 2.28495228
126 2.28585229
126 2.29705230
126 2.28590229
126 2.28540229
126 2.28795229
126 2.29345229
126 2.29415229
126 2.30385230
126 2.29475229
126 2.28625229
126 2.27755228
126 2.27900228
126 2.27545228
126 2.29340229
126 2.29280229
126 2.29250229
126 2.28675229
126 2.29435229
126 2.29175229
126 2.28460228
126 2.28970229
126 2.28555229
126 2.39415239
126 2.32125232
126 2.28655229
126 2.28255228
126 2.27490227
126 2.27785228
126 2.28755229
126 0.86680087
126 0.86740087
126 0.86735087
126 0.86730087
126 2.32455232
126 2.29655230
126 2.29340229
126 2.29330229
126 2.30445230
126 2.29335229
126 2.29830230
126 2.29685230
126 2.29125229
126 2.28665229
126 2.27475227
126 2.28050228
126 0.86685087
126 0.86055086
126 0.86135086
126 0.86060086
126 2.30630231
126 2.29685230
126 2.29345229
126 2.30205230
126 2.30345230
126 2.29285229
126 2.34425234
126 2.29470229
126 0.85870086
126 0.85850086
126 0.85685086
126 0.88600089
