350 1.69167538
350 1.68932534
350 1.69097536
350 1.68922534
350 2.77614164
350 2.77769167
350 2.78644180
350 2.77674165
350 2.78944184
350 2.78954184
350 2.78769182
350 2.78944184
350 2.79904199
350 2.79739196
350 2.79819197
350 2.79039186
350 1.07016605
350 1.07081606
350 1.06921604
350 1.07026605
350 1.33407001
350 1.33417001
350 1.33417001
350 1.33392001
350 1.06936604
350 1.07041606
350 1.07011605
350 1.06931604
350 2.79929199
350 2.78904184
350 2.78839183
350 2.78964184
350 2.79824197
350 2.79864198
350 2.80054201
350 2.79854198
350 1.06586599
350 1.06191593
350 1.06111592
350 1.06116592
350 2.30443457
350 2.29863448
350 2.29913449
350 2.30003450
350 2.74534118
350 2.74634120
350 2.74519118
350 2.75734136
350 1.76842653
350 1.76897653
350 1.76827652
350 1.76957654
350 2.79099186
350 2.79119187
350 2.79159187
350 2.79174188
350 2.78829182
350 2.78854183
350 2.78924184
350 2.78834183
350 2.42723641
350 2.42558638
350 2.42633640
350 2.42698640
350 1.59782397
350 1.58442377
350 1.58362375
350 1.58362375
350 2.33293499
350 2.33578504
350 2.33448502
350 2.33318500
350 2.37688565
350 2.37608564
350 2.37593564
350 2.38073571
350 1.83637755
350 1.83922759
350 1.83752756
350 1.83772757
350 1.79822697
350 1.97917969
350 1.79707696
350 1.79797697
350 1.06121592
350 1.06151592
350 1.06126592
350 1.06106592
350 2.78974185
350 2.79539193
350 2.78969185
350 2.79114187
350 2.64673970
350 2.64763971
350 2.64668970
350 2.64663970
350 1.90962864
350 1.91107867
350 1.90772862
350 1.90877863
350 2.78119172
350 2.77619164
350 2.77749166
350 2.77689165
350 2.81139217
350 2.81159217
350 2.80214203
350 2.79254189
350 2.78869183
350 2.78829182
350 2.78994185
350 2.78824182
350 2.79924199
350 2.79974200
350 2.79574194
350 2.79069186
350 2.16308245
350 2.15878238
350 2.15963239
350 2.15873238
