798 6.09555970
798 6.01540760
798 6.00820742
798 6.00770740
798 4.19690996
798 4.19300986
798 4.19390988
798 4.19891001
798 4.39666519
798 4.39016502
798 4.37401460
798 4.37551464
798 4.25846157
798 4.25651152
798 4.26781182
798 4.26121164
798 7.06518511
798 7.06308505
798 7.06538511
798 7.07123527
798 5.68844904
798 5.69459920
798 5.70449946
798 5.68629898
798 4.24916133
798 4.24291116
798 4.23991109
798 4.24786129
798 4.35696415
798 4.35831419
798 4.35941422
798 4.35761417
798 7.27214053
798 7.32079180
798 7.26239027
798 7.28124077
798 7.31384162
798 7.31989178
798 7.32454190
798 7.31414163
798 7.66220075
798 7.66760089
798 7.66705088
798 7.66510083
798 4.70882337
798 4.71222346
798 4.69577303
798 4.76602487
798 7.35884280
798 7.36209289
798 7.36329292
798 7.36014284
798 7.01098369
798 6.96563250
798 6.95803230
798 6.96683253
798 4.41061556
798 4.40181533
798 4.40716547
798 4.40141532
798 4.21371040
798 4.20801025
798 4.22551071
798 4.20566019
798 4.34031372
798 4.33671362
798 4.33796365
798 4.34871394
798 4.63762151
798 4.64287164
798 4.63597146
798 4.62877127
798 5.46444317
798 5.45659296
798 5.46029306
798 5.46919329
798 4.36986449
798 4.37091452
798 4.36996449
798 4.36846445
798 7.33854227
798 7.48129601
798 7.39849384
798 7.40894411
798 6.29431491
798 6.29186485
798 6.30076508
798 6.28951479
798 4.25146139
798 4.24736128
798 4.24816130
798 4.24201114
798 4.26151165
798 4.26026162
798 4.25911159
798 4.26506174
798 7.19988864
798 7.19918862
798 7.18263819
798 7.18033812
798 7.23773963
798 7.23433954
798 7.23898966
798 7.23493956
798 7.31299160
798 7.31594168
798 7.31139156
798 7.34014231
798 4.26396172
798 4.26841183
798 4.26891185
798 4.26516175
798 4.30926290
798 4.30376276
798 4.30546280
798 4.30771286
798 4.31511306
798 4.31236298
798 4.30251273
798 4.30131269
