38 0.51150077
38 0.50835076
38 0.50885076
38 0.50880076
38 0.50615076
38 0.50625076
38 0.50615076
38 0.50630076
38 0.50930076
38 0.50850076
38 0.50920076
38 0.50915076
38 0.51005077
38 0.51305077
38 0.50925076
38 0.50840076
38 0.50990076
38 0.51070077
38 0.50995076
38 0.51100077
38 0.50635076
38 0.50620076
38 0.50635076
38 0.50625076
38 0.50850076
38 0.50910076
38 0.50845076
38 0.50920076
38 0.51065077
38 0.51095077
38 0.51140077
38 0.51065077
38 0.50920076
38 0.50840076
38 0.51380077
38 0.50985076
38 0.50635076
38 0.50625076
38 0.50630076
38 0.50630076
38 0.51440077
38 0.51000077
38 0.50835076
38 0.50905076
38 0.51440077
38 0.50915076
38 0.50890076
38 0.50885076
38 0.50635076
38 0.50625076
38 0.50635076
38 0.50630076
38 0.50935076
38 0.50850076
38 0.51075077
38 0.50855076
38 0.50925076
38 0.50765076
38 0.50915076
38 0.50770076
38 0.50930076
38 0.50785076
38 0.50920076
38 0.50770076
38 0.50645076
38 0.50625076
38 0.50615076
38 0.50650076
38 0.51195077
38 0.50920076
38 0.50850076
38 0.50850076
38 0.50845076
38 0.51005077
38 0.50840076
38 0.50925076
38 0.51075077
38 0.51000077
38 0.51075077
38 0.51070077
38 0.50840076
38 0.75270113
38 0.50845076
38 0.50915076
38 0.50745076
38 0.52670079
38 0.50615076
38 0.52520079
38 0.51010077
38 0.50925076
38 0.50905076
38 0.50885076
38 0.51070077
38 0.51000077
38 0.51055077
38 0.51060077
38 0.51080077
38 0.50985076
38 0.51070077
38 0.51000077
38 0.50640076
38 0.50635076
38 0.50625076
38 0.50630076
38 0.50870076
38 0.50925076
38 0.50850076
38 0.50935076
38 0.50990076
38 0.50930076
38 0.50945076
38 0.50925076
38 0.51350077
38 0.51385077
38 0.50990076
38 0.51000077
38 0.50635076
38 0.50710076
38 0.50625076
38 0.50620076
