866 7.32426826
866 7.30716775
866 7.30221761
866 7.30226761
866 5.29255772
866 5.28870760
866 5.28955763
866 5.29275772
866 6.88040504
866 6.87945501
866 6.88065504
866 6.87940501
866 7.10486172
866 7.10026159
866 7.10481172
866 7.10456172
866 7.28326704
866 7.28311704
866 7.28976724
866 7.28296703
866 7.22966544
866 7.22631534
866 7.23016546
866 7.22541532
866 7.14146282
866 7.13686268
866 7.14446290
866 7.14096280
866 4.97094813
866 4.96589798
866 4.96749803
866 4.96544797
866 7.45067203
866 7.45332211
866 7.45427214
866 7.44932199
866 5.57151603
866 5.56891595
866 5.56791592
866 5.56791592
866 7.08986128
866 7.08626117
866 7.08916126
866 7.08986128
866 7.68982916
866 7.68622905
866 7.68687907
866 7.65937825
866 4.55668579
866 4.55308568
866 4.55258567
866 4.55618577
866 6.69514952
866 6.69514952
866 6.69644955
866 6.69889963
866 4.81249341
866 4.81754356
866 4.81334344
866 4.81869360
866 6.71210002
866 6.71395008
866 6.71460010
866 6.71700017
866 5.73852101
866 5.75292144
866 5.74042106
866 5.74657125
866 6.86465457
866 6.86610461
866 6.86895469
866 6.86495458
866 7.42757134
866 7.42197117
866 7.42572129
866 7.42037113
866 7.15976336
866 7.16216343
866 7.15981336
866 7.16241344
866 5.76487179
866 6.10788201
866 5.89832577
866 5.90417594
866 7.16036338
866 7.15596325
866 7.16266345
866 7.15646326
866 6.82585341
866 6.81730316
866 6.81000294
866 6.82500339
866 7.04100982
866 7.04891006
866 7.04230986
866 7.04150984
866 6.15693348
866 6.15583344
866 6.15673347
866 6.15388339
866 6.97675791
866 6.96960769
866 6.97125774
866 6.96945769
866 4.95844776
866 4.97099814
866 4.95694772
866 4.95439764
866 7.49842345
866 7.49082323
866 7.49162325
866 7.49077323
866 4.35457977
866 4.38438065
866 4.38413065
866 4.38378064
866 7.09771151
866 7.08531114
866 7.08376110
866 7.08376110
