430 2.15522910
430 2.14982902
430 2.15322907
430 2.15052903
430 1.88422544
430 1.88502545
430 1.88402543
430 1.88387543
430 2.84998847
430 2.84953847
430 2.84998847
430 2.85918860
430 1.64117216
430 1.64032214
430 1.64182216
430 1.64127216
430 1.81902456
430 1.82312461
430 1.82092458
430 1.82002457
430 1.93277609
430 1.94832630
430 1.92817603
430 1.93442611
430 1.92727602
430 1.92557600
430 1.92702601
430 1.92712602
430 2.35688182
430 2.35508179
430 2.35588180
430 2.35593181
430 2.74208702
430 2.73198688
430 2.72618680
430 2.72818683
430 1.91067579
430 1.91047579
430 1.91062579
430 1.91167581
430 2.84408840
430 2.84223837
430 2.83843832
430 2.83878832
430 2.84738844
430 2.84638843
430 2.84888846
430 2.84743844
430 2.81288797
430 2.81803804
430 2.81193796
430 2.81268797
430 2.81968807
430 2.81993807
430 2.82008807
430 2.82028807
430 1.09096473
430 1.08936471
430 1.09031472
430 1.09461478
430 1.51702048
430 1.51697048
430 1.51612047
430 1.51687048
430 1.08501465
430 1.08526465
430 1.08486465
430 1.08581466
430 2.74608707
430 2.74698708
430 2.74688708
430 2.74803710
430 2.84623842
430 2.84658843
430 2.84723844
430 2.84658843
430 1.74082350
430 1.73942348
430 1.75272366
430 1.74522356
430 1.73487342
430 1.90522572
430 1.73312340
430 1.73407341
430 2.82438813
430 2.83248824
430 2.82868819
430 2.82428813
430 2.83633829
430 2.83738830
430 2.83633829
430 2.83703830
430 1.71432314
430 1.71217311
430 1.71407314
430 1.71987322
430 2.76468732
430 2.76383731
430 2.76478732
430 2.76528733
430 1.94612627
430 1.94602627
430 1.94672628
430 1.94592627
430 1.09566479
430 1.09906484
430 1.09461478
430 1.09486478
430 1.09496478
430 1.09301476
430 1.09446478
430 1.09301476
430 1.94372624
430 1.94382624
430 1.94457625
430 1.94452625
430 1.08516465
430 1.08491465
430 1.08716468
430 1.08476464
