478 1.79280018
478 1.79290018
478 1.79260018
478 1.79280018
478 2.33155023
478 2.33090023
478 2.33935023
478 2.33210023
478 2.84405028
478 2.84420028
478 2.84430028
478 2.84475028
478 1.09340011
478 1.09240011
478 1.09150011
478 1.09230011
478 1.09575011
478 1.09085011
478 1.09165011
478 1.09175011
478 2.07555021
478 2.06600021
478 2.06815021
478 2.06670021
478 2.84375028
478 2.84460028
478 2.84435028
478 2.84815028
478 1.87415019
478 1.87480019
478 1.87380019
478 1.87480019
478 2.62775026
478 2.62750026
478 2.63095026
478 2.62885026
478 2.87320029
478 2.86750029
478 2.86835029
478 2.85890029
478 1.93295019
478 1.93195019
478 1.93195019
478 1.93355019
478 2.23385022
478 2.23470022
478 2.22605022
478 2.22640022
478 2.14720021
478 2.14640021
478 2.14725021
478 2.14710021
478 2.52405025
478 2.51965025
478 2.52030025
478 2.52435025
478 1.09260011
478 1.09250011
478 1.09165011
478 1.09325011
478 1.09595011
478 1.09685011
478 1.09530011
478 1.09525011
478 1.41730014
478 1.41810014
478 1.41810014
478 1.41690014
478 2.40435024
478 2.40890024
478 2.39960024
478 2.39965024
478 1.37780014
478 1.37745014
478 1.37845014
478 1.37880014
478 2.25615023
478 2.25335023
478 2.25215023
478 2.25390023
478 1.68300017
478 1.85885019
478 1.68230017
478 1.68085017
478 2.38505024
478 2.38375024
478 2.38795024
478 2.38370024
478 2.29090023
478 2.29190023
478 2.29075023
478 2.29105023
478 1.09240011
478 1.09165011
478 1.09305011
478 1.09185011
478 2.03160020
478 2.03625020
478 2.02985020
478 2.03470020
478 2.42440024
478 2.42345024
478 2.43670024
478 2.42420024
478 2.86795029
478 2.86975029
478 2.86925029
478 2.86845029
478 1.81735018
478 1.81905018
478 1.81905018
478 1.81800018
478 1.09475011
478 1.09615011
478 1.09485011
478 1.09715011
478 1.80355018
478 1.80415018
478 1.80905018
478 1.80340018
