674 4.44718850
674 4.44823852
674 4.43653829
674 4.44363843
674 4.15278264
674 4.15648271
674 4.15858276
674 4.15308265
674 4.00167963
674 4.00352967
674 4.00257965
674 4.00232965
674 4.25013458
674 4.24868455
674 4.25108460
674 4.24883455
674 7.10479139
674 7.09419117
674 7.07224074
674 7.07229074
674 5.39560737
674 5.38550717
674 5.38470716
674 5.38640719
674 7.43854803
674 7.43619798
674 7.43924804
674 7.44224810
674 3.90027762
674 3.89922759
674 3.90037762
674 3.90012761
674 3.93317827
674 3.92782816
674 3.92152804
674 3.92172804
674 5.69676337
674 5.69651336
674 5.70106345
674 5.69451332
674 3.98687934
674 3.98702934
674 3.98672934
674 3.98027921
674 4.50788971
674 4.50863972
674 4.51693989
674 4.51203979
674 4.13718233
674 4.13008219
674 4.13078220
674 4.13013219
674 3.96497890
674 3.97967920
674 3.97407908
674 3.97357907
674 4.48078917
674 4.48283921
674 4.48183919
674 4.48538926
674 4.05718074
674 4.05733074
674 4.05708074
674 4.05508070
674 7.32014567
674 7.31229551
674 7.31079548
674 7.31484557
674 7.44719820
674 7.44529816
674 7.45074827
674 7.45024826
674 4.47208899
674 4.47328902
674 4.47358902
674 4.47708909
674 4.55124057
674 4.55189058
674 4.55104057
674 4.55109057
674 4.03478029
674 4.21453387
674 4.03108022
674 4.03088021
674 4.17068300
674 4.17203302
674 4.17128301
674 4.17123301
674 4.49243940
674 4.49778951
674 4.49253940
674 4.49773951
674 5.04920048
674 5.05160053
674 5.05020050
674 5.05385057
674 4.44348843
674 4.44208840
674 4.44388843
674 4.45103858
674 3.93937839
674 3.93057822
674 3.92922819
674 3.92827817
674 4.22328404
674 4.22373405
674 4.23718432
674 4.22288404
674 4.14068240
674 4.13798235
674 4.14983258
674 4.13913237
674 4.02808016
674 4.02413008
674 4.02793016
674 4.03058021
674 4.31803593
674 4.32043598
674 4.30173560
674 4.30088559
