622 4.35804620
622 4.43474701
622 4.41559681
622 4.42329689
622 4.18754439
622 4.19989452
622 4.22474478
622 4.21254465
622 4.57949854
622 4.56764842
622 4.56439838
622 4.50944780
622 4.56989844
622 4.62304900
622 4.59809874
622 4.71945003
622 7.54362996
622 7.55268006
622 7.43467881
622 7.42752873
622 4.62649904
622 4.66649946
622 4.71264995
622 4.61274890
622 4.03429276
622 4.05069294
622 4.05944303
622 3.99279232
622 4.25024505
622 4.24929504
622 4.24979505
622 4.24974505
622 4.15264402
622 4.15424403
622 4.15249402
622 4.17029421
622 4.43084697
622 4.43924706
622 4.43144697
622 4.43144697
622 3.72323947
622 3.72413948
622 3.72403947
622 3.73453959
622 3.92944165
622 3.91749153
622 3.91759153
622 3.93134167
622 3.93919176
622 3.94154178
622 3.93644173
622 3.94684184
622 4.00899250
622 3.98489224
622 3.99359233
622 3.98724226
622 7.22937663
622 7.22642660
622 7.23442668
622 7.22702661
622 4.01344254
622 4.01319254
622 4.01399255
622 4.01909260
622 3.87619109
622 3.87439107
622 3.87734110
622 3.87374106
622 3.91774153
622 3.94194178
622 3.94309180
622 3.94044177
622 7.34682788
622 7.34807789
622 7.33067771
622 7.32762767
622 7.05137474
622 7.05587479
622 7.05187475
622 7.04882472
622 5.98086340
622 5.87886232
622 5.79431142
622 5.80096149
622 5.19925511
622 5.19940511
622 5.19950511
622 5.20265515
622 3.93119167
622 3.92784164
622 3.92754163
622 3.92709163
622 7.43357880
622 7.41722862
622 7.41147856
622 7.41117856
622 3.79114019
622 3.77839005
622 3.77984007
622 3.77749004
622 4.68419965
622 4.68329964
622 4.69164973
622 4.68284964
622 3.85349085
622 3.85494086
622 3.85404085
622 3.86959102
622 7.54773001
622 7.55048004
622 7.54632999
622 7.55188005
622 4.65474934
622 4.65689936
622 4.65674936
622 4.66509945
622 4.52924801
622 4.52769799
622 4.53159803
622 4.52844800
