582 4.07958100
582 4.07923100
582 4.07928100
582 4.08158102
582 3.58817727
582 3.58802727
582 3.58787727
582 3.58747726
582 4.50533424
582 4.51308430
582 4.50538424
582 4.50648425
582 4.50283422
582 4.50133421
582 4.50508424
582 4.50333423
582 4.49483416
582 4.49638417
582 4.49603417
582 4.50668425
582 4.01868054
582 4.02348058
582 4.02093056
582 4.01983055
582 3.89617961
582 3.88267951
582 3.87767947
582 3.87452945
582 4.68718562
582 4.68538561
582 4.68888564
582 4.68473560
582 5.05348841
582 5.05353841
582 5.05133839
582 5.05868845
582 3.60702741
582 3.60787742
582 3.60757742
582 3.61302746
582 3.62312754
582 3.62702757
582 3.62382754
582 3.62477755
582 4.61993511
582 4.61753509
582 4.61823510
582 4.61773509
582 3.83042911
582 3.83212912
582 3.83142912
582 3.83022911
582 3.94833001
582 3.94437998
582 3.94998002
582 3.94407998
582 4.01868054
582 4.01748053
582 4.01583052
582 4.01383051
582 3.77637870
582 3.77802871
582 3.77732871
582 3.77722871
582 4.42373362
582 4.42008359
582 4.42463363
582 4.42053360
582 4.10273118
582 4.11108124
582 4.10568120
582 4.10328118
582 4.02653060
582 4.02418058
582 4.02483059
582 4.02808061
582 3.68532801
582 3.68512801
582 3.67682794
582 3.68187798
582 4.37373324
582 4.50598425
582 4.37048322
582 4.36973321
582 4.04478074
582 4.04643075
582 4.04683076
582 4.03353065
582 4.56673471
582 4.57553477
582 4.56833472
582 4.57193475
582 4.46003390
582 4.44888381
582 4.45043382
582 4.44878381
582 4.07418096
582 4.05818084
582 4.05808084
582 4.05648083
582 3.74772848
582 3.74792848
582 3.76267860
582 3.76097858
582 3.70072813
582 3.70522816
582 3.70037812
582 3.69852811
582 4.69818571
582 4.69088565
582 4.69053565
582 4.69003564
582 4.66383545
582 4.67048550
582 4.65518538
582 4.64613531
582 3.99858039
582 3.99893039
582 4.01138049
582 3.99788038
