142 2.39005120
142 2.39025120
142 2.39400120
142 2.39040120
142 2.38305119
142 2.38365119
142 2.38305119
142 2.38380119
142 2.38435119
142 2.38545119
142 2.38475119
142 2.38720119
142 2.37185119
142 2.37200119
142 2.37170119
142 2.37230119
142 2.39400120
142 2.38490119
142 2.38525119
142 2.38525119
142 2.39365120
142 2.38340119
142 2.38445119
142 2.38665119
142 2.39135120
142 2.38595119
142 2.38460119
142 2.38435119
142 2.37190119
142 2.37685119
142 2.37195119
142 2.37250119
142 0.88830044
142 0.88925044
142 0.88865044
142 0.88915044
142 0.88915044
142 0.88855044
142 0.89235045
142 0.88760044
142 2.37220119
142 2.38330119
142 2.37530119
142 2.37725119
142 2.39385120
142 2.39545120
142 2.39390120
142 2.39380120
142 1.58870079
142 1.58825079
142 1.58790079
142 1.58915079
142 2.39345120
142 2.39815120
142 2.39330120
142 2.39325120
142 2.37230119
142 2.37285119
142 2.37820119
142 2.37285119
142 2.06650103
142 2.06540103
142 2.07145104
142 2.06585103
142 2.41220121
142 2.41555121
142 2.41090121
142 2.41915121
142 2.38875119
142 2.38775119
142 2.38410119
142 2.38235119
142 2.38230119
142 2.38310119
142 2.38255119
142 2.38340119
142 2.38930119
142 2.38430119
142 2.38540119
142 2.38590119
142 0.89030045
142 1.18520059
142 0.88780044
142 0.88830044
142 2.37660119
142 2.37300119
142 2.37215119
142 2.37425119
142 2.38370119
142 2.38460119
142 2.38465119
142 2.38705119
142 0.88670044
142 0.88780044
142 0.88850044
142 0.89260045
142 2.39200120
142 2.39135120
142 2.39195120
142 2.39180120
142 2.39285120
142 2.37225119
142 2.38135119
142 2.37545119
142 2.40115120
142 2.38900119
142 2.39745120
142 2.38925119
142 2.39170120
142 2.43210122
142 2.39760120
142 2.39465120
142 2.45035123
142 2.38845119
142 2.38385119
142 2.38235119
142 2.05700103
142 2.05850103
142 2.06125103
142 2.05680103
