446 2.83090311
446 2.83120311
446 2.83105311
446 2.83075311
446 2.80145308
446 2.80710309
446 2.80110308
446 2.80675309
446 2.11465233
446 2.11310232
446 2.11485233
446 2.11385233
446 2.23140245
446 2.23150245
446 2.23200246
446 2.23310246
446 1.50185165
446 1.49750165
446 1.49665165
446 1.49740165
446 2.63085289
446 2.63070289
446 2.63065289
446 2.63195290
446 2.31700255
446 2.30985254
446 2.31205254
446 2.31005254
446 2.85140314
446 2.85095314
446 2.85255314
446 2.85045314
446 1.91815211
446 1.91830211
446 1.91925211
446 1.91920211
446 2.81855310
446 2.81850310
446 2.81830310
446 2.81920310
446 2.75555303
446 2.76505304
446 2.75665303
446 2.76030304
446 1.09095120
446 1.09095120
446 1.09020120
446 1.09090120
446 1.08575119
446 1.08510119
446 1.08500119
446 1.08495119
446 2.84340313
446 2.84375313
446 2.84465313
446 2.84695313
446 1.50770166
446 1.50750166
446 1.50670166
446 1.50745166
446 2.84475313
446 2.84355313
446 2.84385313
446 2.84915313
446 2.29020252
446 2.29545252
446 2.29000252
446 2.29015252
446 2.64335291
446 2.64445291
446 2.64295291
446 2.64350291
446 2.25800248
446 2.25745248
446 2.25910249
446 2.25880248
446 2.59950286
446 2.60015286
446 2.59940286
446 2.60045286
446 2.86535315
446 2.98965329
446 2.86530315
446 2.86530315
446 1.08500119
446 1.08505119
446 1.08575119
446 1.08495119
446 2.61235287
446 2.61605288
446 2.61235287
446 2.61380288
446 1.09095120
446 1.09090120
446 1.09015120
446 1.09085120
446 1.09425120
446 1.09475120
446 1.09345120
446 1.09620121
446 2.83665312
446 2.83235312
446 2.83220312
446 2.83240312
446 2.73005300
446 2.73015300
446 2.73070300
446 2.73095300
446 2.85850314
446 2.85105314
446 2.84375313
446 2.84525313
446 1.73700191
446 1.73670191
446 1.73680191
446 1.73815191
446 1.26120139
446 1.25925139
446 1.25950139
446 1.26395139
