834 4.62905739
834 4.63225750
834 4.63090745
834 4.61890704
834 7.36515042
834 7.35269999
834 7.36110028
834 7.35730015
834 4.81726379
834 4.81201361
834 4.81026355
834 4.81761380
834 7.08049074
834 7.10469156
834 7.24079619
834 7.11579194
834 7.05658992
834 7.05698994
834 7.04868966
834 7.02993902
834 7.66651066
834 7.65981043
834 7.65876040
834 7.65811038
834 7.38595112
834 7.39465142
834 7.39185132
834 7.39190132
834 7.06414018
834 7.05994004
834 7.05673993
834 7.05198977
834 6.75337961
834 6.75362962
834 6.76082987
834 6.76182990
834 7.49830494
834 7.49785493
834 7.51400548
834 7.50115504
834 4.33614743
834 4.35354802
834 4.35664813
834 4.34924787
834 4.30184626
834 4.29959619
834 4.29874616
834 4.29669609
834 4.60990674
834 4.60445655
834 4.60625661
834 4.60420654
834 7.38750118
834 7.37905089
834 7.37750084
834 7.38105096
834 4.33679745
834 4.33304732
834 4.33209729
834 4.33349734
834 7.10024141
834 7.09439121
834 7.08764098
834 7.08674095
834 7.25519668
834 7.25464666
834 7.24949648
834 7.27889748
834 4.73236090
834 4.73411096
834 4.73736107
834 4.74266125
834 4.48195239
834 4.47900229
834 4.47815226
834 4.47215205
834 7.05373983
834 7.02763894
834 7.02433883
834 7.02578888
834 7.31374867
834 7.67231086
834 7.40505177
834 7.39140131
834 4.34694780
834 4.32304698
834 4.33019723
834 4.32764714
834 5.80794747
834 5.79129690
834 5.78924683
834 5.79664709
834 5.84784883
834 5.88395005
834 5.84234864
834 5.84944888
834 7.26394697
834 7.25744675
834 7.23804609
834 7.24064618
834 7.15694334
834 7.15594330
834 7.16034345
834 7.16004344
834 7.22994582
834 7.23654604
834 7.22984581
834 7.23454597
834 4.65225818
834 4.65800837
834 4.65625831
834 4.65370823
834 7.40310171
834 7.41055196
834 7.40490177
834 7.40410174
834 7.01863863
834 7.02298878
834 7.01453849
834 7.01523852
