938 5.67840610
938 5.67740605
938 5.68180625
938 5.68640646
938 7.55304064
938 7.55659080
938 7.55694082
938 7.55494073
938 7.55339066
938 7.54964049
938 7.53273973
938 7.53083964
938 6.83680834
938 6.81635742
938 6.80465689
938 6.80375685
938 6.94731332
938 6.93776289
938 6.93911295
938 6.94176307
938 7.68359653
938 7.68184645
938 7.69194691
938 7.68244648
938 7.21022518
938 7.21607545
938 7.21002517
938 7.21007517
938 5.37879258
938 5.39069312
938 5.37689250
938 5.37749252
938 4.85706905
938 4.85676904
938 4.84836866
938 4.84151835
938 7.64494479
938 7.65474523
938 7.64544481
938 7.64454477
938 6.67145088
938 6.67860120
938 6.67075085
938 6.66950079
938 6.91071167
938 6.89781109
938 6.89736107
938 6.89791110
938 6.97121440
938 6.96661419
938 6.96521413
938 6.97526458
938 7.26902783
938 7.27042790
938 7.27642817
938 7.26687774
938 6.78650607
938 6.78800614
938 6.81470734
938 6.80800704
938 6.86490961
938 6.87371000
938 6.86545963
938 6.86505961
938 7.48893775
938 7.49448800
938 7.48283748
938 7.48368751
938 7.15482268
938 7.11202075
938 7.11142073
938 7.11817103
938 7.35883188
938 7.35788184
938 7.35943191
938 7.35733182
938 7.03771740
938 7.03751739
938 7.02531684
938 7.01611643
938 6.94616327
938 7.63619439
938 7.11757100
938 7.13172164
938 7.23727640
938 7.21202526
938 7.19892467
938 7.19822464
938 6.71465283
938 6.80320682
938 6.73050355
938 6.71825299
938 6.74935440
938 6.80130674
938 6.72890347
938 6.71040264
938 6.01772140
938 6.00877100
938 6.09147473
938 6.00342075
938 7.49303794
938 7.51913911
938 7.53078964
938 7.46473666
938 4.62035838
938 4.59645730
938 4.67401080
938 4.60800782
938 7.18037383
938 7.16382309
938 7.27072791
938 7.18662412
938 7.37218249
938 7.36033195
938 7.46928686
938 7.36938236
938 4.79221613
938 4.79236614
938 4.79306617
938 4.79766637
