830 7.00146202
830 6.98496176
830 6.96956151
830 6.95996136
830 7.22906567
830 7.23641578
830 7.26081617
830 7.24071585
830 7.21346542
830 7.21811549
830 7.19706515
830 7.17371478
830 4.74312589
830 4.74467591
830 4.76817629
830 4.76657627
830 7.56687107
830 7.56392102
830 7.56372102
830 7.53957063
830 6.90206043
830 6.91961071
830 6.89281028
830 6.87886006
830 7.23176571
830 7.24536593
830 7.23411575
830 7.22741564
830 4.22951767
830 4.22241756
830 4.22411759
830 4.22021752
830 7.21636546
830 7.21931551
830 7.19926519
830 7.18771500
830 4.54672275
830 4.54962279
830 4.54997280
830 4.56312301
830 7.13256412
830 7.13631418
830 7.12821405
830 7.13231412
830 7.42566881
830 7.41851870
830 7.42121874
830 7.39946839
830 7.34641754
830 7.34496752
830 7.34941759
830 7.31671707
830 6.97486160
830 6.95541129
830 6.95781132
830 6.95381126
830 4.39232028
830 4.38947023
830 4.39847038
830 4.40832053
830 7.25251604
830 7.25351606
830 7.26226620
830 7.28111650
830 7.01211219
830 7.01836229
830 7.00231204
830 6.98571177
830 6.36670187
830 6.36775188
830 6.38100210
830 6.38000208
830 7.17951487
830 7.17976488
830 7.16926471
830 7.16956471
830 7.49856998
830 7.46676947
830 7.46801949
830 7.47806965
830 5.78104250
830 6.16624866
830 5.93784501
830 5.92929487
830 4.47612162
830 4.48757180
830 4.48292173
830 4.46722148
830 7.34191747
830 7.33511736
830 7.32126714
830 7.34021744
830 7.37821805
830 7.38141810
830 7.41696867
830 7.37526800
830 7.73077369
830 7.66297261
830 7.64052225
830 7.64532233
830 7.25346606
830 7.26416623
830 7.25966615
830 7.26391622
830 7.04316269
830 6.99906198
830 7.00516208
830 7.01151218
830 7.55287085
830 7.56287101
830 7.49341989
830 7.49266988
830 5.75594210
830 5.75444207
830 5.74899198
830 5.74779196
830 6.95531128
830 6.94916119
830 6.93736100
830 6.93146090
