902 7.56387373
902 7.56917396
902 7.56112362
902 7.53822264
902 6.76683962
902 6.77794010
902 6.79214070
902 6.79199070
902 7.01800037
902 6.99469937
902 6.99524940
902 6.98644902
902 7.34186423
902 7.35006458
902 7.35106463
902 7.35361473
902 5.29537664
902 5.29077645
902 5.28207607
902 5.28102603
902 7.22405919
902 7.22490923
902 7.21840895
902 7.23515966
902 6.99879955
902 6.99989960
902 7.01410020
902 7.03200097
902 4.78415476
902 4.78585483
902 4.78865495
902 4.78625485
902 7.49907096
902 7.48942055
902 7.48872052
902 7.48552038
902 7.44781877
902 7.47857008
902 7.49102062
902 7.47241982
902 7.44466863
902 7.43351815
902 7.42011758
902 7.40601698
902 6.32182057
902 6.32142056
902 6.31127012
902 6.31887045
902 6.84339290
902 6.87249414
902 6.87334418
902 6.88229456
902 6.86249371
902 6.85774351
902 6.86394378
902 6.86379377
902 7.63852693
902 7.63827692
902 7.63282668
902 7.63337671
902 4.31543470
902 4.31173454
902 4.31398464
902 4.31548470
902 5.88555190
902 5.88365182
902 5.88290179
902 5.88655194
902 4.85205767
902 4.84355730
902 4.85790792
902 4.85565782
902 6.45152613
902 6.42737509
902 6.43212529
902 6.43032522
902 5.86680110
902 5.86555105
902 5.86775114
902 5.86935121
902 7.47141978
902 7.57077403
902 7.54587296
902 7.54242282
902 7.28456178
902 7.29386218
902 7.27651143
902 7.35626485
902 5.44518305
902 5.42723229
902 5.43023241
902 5.42598223
902 7.46581954
902 7.58267454
902 7.52747218
902 7.45536909
902 6.47042693
902 6.46997692
902 6.47687721
902 6.47332706
902 5.34177863
902 5.34267867
902 5.33567837
902 5.34002855
902 6.41467455
902 6.31382023
902 6.31217016
902 6.32337064
902 5.49923537
902 5.48278466
902 5.48148461
902 5.49008498
902 7.57562424
902 7.47046974
902 7.47036973
902 7.47762004
902 6.80294117
902 6.80304117
902 6.80109109
902 6.78359034
