682 6.32416067
682 6.32331066
682 6.32446068
682 6.32051061
682 7.44233024
682 7.44573030
682 7.45333043
682 7.44448028
682 7.34717858
682 7.34602856
682 7.34712857
682 7.34427852
682 7.33007828
682 7.33042828
682 7.32407817
682 7.32492819
682 4.03607063
682 4.04282075
682 4.03312058
682 4.03227056
682 7.08962407
682 7.09727420
682 7.08872405
682 7.09322413
682 4.12537219
682 4.13157230
682 4.12927226
682 4.12487219
682 7.33652839
682 7.34722858
682 7.33657839
682 7.33682839
682 7.39757946
682 7.40217954
682 7.39772946
682 7.39927949
682 4.15187266
682 4.13542237
682 4.15397269
682 4.14827259
682 4.12162213
682 4.12192213
682 4.13217231
682 4.12097212
682 7.43808017
682 7.42722998
682 7.41467976
682 7.41177971
682 4.37707660
682 4.37912663
682 4.37257652
682 4.36162633
682 4.41887733
682 4.42022735
682 4.54402952
682 4.42407742
682 4.69313213
682 4.69483216
682 4.70468233
682 4.69508216
682 4.40717713
682 4.39922699
682 4.39902698
682 4.39867698
682 3.87981790
682 3.88151793
682 3.87646784
682 3.88206794
682 7.11687455
682 7.10827439
682 7.11157445
682 7.11077444
682 6.46441313
682 6.46616316
682 6.45851302
682 6.46071306
682 4.27857488
682 4.28207494
682 4.27732485
682 4.27682484
682 7.31602803
682 7.14582505
682 7.01247272
682 7.01047268
682 5.99270487
682 6.00060501
682 5.99235487
682 5.99310488
682 4.26117457
682 4.25652449
682 4.26147458
682 4.25627448
682 7.25542697
682 7.25557697
682 7.25317693
682 7.25047688
682 4.16112282
682 4.17537307
682 4.17577308
682 4.16937296
682 7.11797456
682 7.11632454
682 7.12007460
682 7.11717455
682 4.22722398
682 4.22992402
682 4.23147405
682 4.22492394
682 4.40752713
682 4.40817714
682 4.40627711
682 4.39832697
682 4.42352741
682 4.42417742
682 4.42697747
682 4.42422742
682 7.12212464
682 7.11452450
682 7.11792456
682 7.11612453
