918 6.44009555
918 6.44584568
918 6.43664547
918 6.43169536
918 7.44331822
918 7.43936813
918 7.43631806
918 7.43286798
918 6.97715768
918 6.97315759
918 6.97095754
918 6.99235803
918 7.10456056
918 7.09266029
918 7.10061047
918 7.09746040
918 7.68622371
918 7.67667349
918 7.67872354
918 7.68007357
918 7.30606512
918 7.30281504
918 7.30366506
918 7.28826471
918 7.32611557
918 7.31231526
918 7.29061477
918 7.29611489
918 7.02270871
918 7.03745905
918 7.04465921
918 7.03530900
918 4.67345562
918 4.67205559
918 4.67075556
918 4.68200581
918 6.34644343
918 6.34009329
918 6.34479339
918 6.33404315
918 7.05905953
918 7.02700881
918 7.02980887
918 7.01160846
918 5.82908174
918 5.82963175
918 5.83468186
918 5.86663259
918 6.50074692
918 6.50854709
918 6.51024713
918 6.50679705
918 7.16131185
918 7.17871224
918 7.16576195
918 7.17591218
918 7.33086568
918 7.34856608
918 7.32916564
918 7.33196570
918 7.42261775
918 7.41711763
918 7.41496758
918 7.44606828
918 7.57407117
918 7.57602122
918 7.56462096
918 7.54942062
918 7.15541171
918 7.15551171
918 7.22941338
918 7.16976204
918 6.90390603
918 6.89740588
918 6.89950593
918 6.89650586
918 5.61267685
918 5.60427666
918 5.60247662
918 5.60152659
918 7.02450875
918 7.11231074
918 7.01925864
918 7.02215870
918 4.75595748
918 4.75690751
918 4.75590748
918 4.75535747
918 5.08616495
918 5.09301510
918 5.08656496
918 5.08506492
918 7.49001927
918 7.48236910
918 7.48766922
918 7.48331912
918 7.23381348
918 7.22321324
918 7.22371326
918 7.24156366
918 7.15461169
918 7.15346167
918 7.16771199
918 7.16046183
918 7.01370851
918 7.01680858
918 7.02050866
918 7.01860862
918 6.82605427
918 6.83585449
918 6.82645428
918 6.82510425
918 7.50476961
918 7.49196932
918 7.49026928
918 7.49126930
918 7.24751379
918 7.24196367
918 7.24526374
918 7.25231390
