322 1.87677421
322 1.87727422
322 1.88517432
322 1.88022425
322 2.76653569
322 2.76708570
322 2.76648569
322 2.76828571
322 1.72977231
322 1.72987232
322 1.72752229
322 1.72322223
322 2.00742590
322 2.00352585
322 2.00262583
322 2.00257583
322 2.01952605
322 2.01922605
322 2.01987606
322 2.01907605
322 2.71188498
322 2.71273499
322 2.71388501
322 2.72228512
322 1.02721325
322 1.02801326
322 1.02711325
322 1.02786326
322 1.86127401
322 1.86122401
322 1.86097401
322 1.86112401
322 2.77363578
322 2.77733583
322 2.77428579
322 2.77398578
322 2.10132711
322 2.10272713
322 2.10137711
322 2.10272713
322 2.75448553
322 2.75458553
322 2.75913559
322 2.76168563
322 1.80757332
322 1.80697331
322 1.80757332
322 1.80687331
322 1.02501322
322 1.02411321
322 1.02486322
322 1.02406321
322 2.77403579
322 2.78323590
322 2.78613594
322 2.78513593
322 2.75458553
322 2.75418553
322 2.75438553
322 2.75408553
322 1.62327094
322 1.62267093
322 1.63252106
322 1.62762100
322 2.78168588
322 2.77973586
322 2.77933585
322 2.77928585
322 2.18942824
322 2.19177827
322 2.18942824
322 2.18857823
322 2.76763570
322 2.76698569
322 2.76673569
322 2.76593568
322 2.78493593
322 2.78523593
322 2.78478592
322 2.78548593
322 2.77068574
322 2.86083690
322 2.76843571
322 2.77113575
322 1.02151318
322 1.01601311
322 1.01611311
322 1.01596311
322 2.76993573
322 2.76658569
322 2.76768570
322 2.76793571
322 2.77678582
322 2.77788583
322 2.78723596
322 2.77638582
322 1.02506322
322 1.02416321
322 1.02491322
322 1.02411321
322 1.56257016
322 1.56432018
322 1.56247016
322 1.56252016
322 1.91097465
322 1.91157466
322 1.91172466
322 1.90947463
322 1.96037529
322 1.95992528
322 1.96152530
322 1.95322520
322 2.32803003
322 2.32658001
322 2.32583000
322 2.32628001
322 1.63362107
322 1.63917115
322 1.63322107
322 1.63342107
