258 2.62981289
258 2.63211290
258 2.62966289
258 2.63071289
258 2.65016299
258 2.64826298
258 2.64271295
258 2.64331295
258 2.54791248
258 2.54636248
258 2.53971244
258 2.54191246
258 0.98420482
258 0.98415482
258 0.98400482
258 0.98410482
258 0.97605478
258 0.97600478
258 0.97705479
258 0.97595478
258 2.64511296
258 2.64201295
258 2.64256295
258 2.64176294
258 2.65831303
258 2.66026304
258 2.67741312
258 2.66051304
258 2.65301300
258 2.65311300
258 2.65336300
258 2.65211300
258 2.63001289
258 2.62981289
258 2.63286290
258 2.63151289
258 0.98335482
258 0.98425482
258 0.98690484
258 0.98015480
258 2.12016039
258 2.12596042
258 2.12046039
258 2.11911038
258 1.80850886
258 1.80855886
258 1.81465889
258 1.80825886
258 2.64336295
258 2.64446296
258 2.64481296
258 2.64491296
258 2.17266065
258 2.17276065
258 2.17326065
258 2.17251065
258 1.73255849
258 1.73270849
258 1.73345849
258 1.73775852
258 2.62991289
258 2.63151289
258 2.62981289
258 2.63081289
258 2.21811087
258 2.21946088
258 2.20296079
258 2.20296079
258 0.98020480
258 0.98050480
258 0.98045480
258 0.98035480
258 0.98430482
258 0.98390482
258 0.98405482
258 0.98405482
258 2.63001289
258 2.62986289
258 2.63536291
258 2.63176290
258 0.98435482
258 1.07525527
258 0.98445482
258 0.98390482
258 2.65051299
258 2.65221300
258 2.65676302
258 2.65306300
258 2.63026289
258 2.62981289
258 2.62981289
258 2.63156289
258 0.98420482
258 0.98495483
258 0.98490483
258 0.98470483
258 2.66001303
258 2.65186299
258 2.65161299
258 2.65191299
258 2.66011303
258 2.65861303
258 2.65951303
258 2.66076304
258 2.08911024
258 2.09271025
258 2.08871023
258 2.08871023
258 2.64711297
258 2.64731297
258 2.64701297
258 2.65591301
258 2.65201299
258 2.65286300
258 2.65511301
258 2.65171299
258 1.91230937
258 1.92795945
258 1.91220937
258 1.91285937
