134 2.34831151
134 2.34886151
134 2.35741155
134 2.34941151
134 2.35586154
134 2.35046152
134 2.35171152
134 2.34296148
134 2.32956141
134 2.33121142
134 2.32946141
134 2.33131142
134 2.32951141
134 2.33001142
134 2.33196143
134 2.33036142
134 2.34206148
134 2.34171147
134 2.34251148
134 2.34351148
134 1.75545860
134 1.76295864
134 1.75460860
134 1.75625861
134 2.15521056
134 2.15436056
134 2.15781057
134 2.15436056
134 2.33096142
134 2.32971142
134 2.32956141
134 2.33121142
134 2.34716150
134 2.34351148
134 2.33941146
134 2.34661150
134 0.88075432
134 0.88050431
134 0.88220432
134 0.88070432
134 2.34456149
134 2.34476149
134 2.34966151
134 2.34466149
134 2.34136147
134 2.34096147
134 2.34391149
134 2.34176147
134 2.34666150
134 2.34921151
134 2.34681150
134 2.34801151
134 2.34976151
134 2.34911151
134 2.34951151
134 2.34956151
134 0.87385428
134 0.87420428
134 0.87410428
134 0.87410428
134 2.36571159
134 2.36656160
134 2.36636160
134 2.36421158
134 2.34086147
134 2.34186148
134 2.33931146
134 2.34441149
134 2.34881151
134 2.34996151
134 2.34896151
134 2.34941151
134 2.32971142
134 2.33016142
134 2.33051142
134 2.32986142
134 2.35011152
134 2.34831151
134 2.35106152
134 2.35021152
134 2.35346153
134 2.40696179
134 2.34926151
134 2.37011161
134 2.32981142
134 2.33076142
134 2.32991142
134 2.33511144
134 2.26081108
134 2.26211108
134 2.26151108
134 2.26201108
134 2.36546159
134 2.37206162
134 2.36651160
134 2.36511159
134 2.35326153
134 2.34941151
134 2.34886151
134 2.35031152
134 2.32951141
134 2.33486144
134 2.32986142
134 2.34376148
134 2.34211148
134 2.34601150
134 2.35271153
134 2.34306148
134 2.35006152
134 2.34916151
134 2.34861151
134 2.35806155
134 2.36171157
134 2.39381173
134 2.36926161
134 2.36406158
134 2.33001142
134 2.32976142
134 2.32986142
134 2.32976142
