246 2.62447624
246 2.62447624
246 2.62422624
246 2.62927629
246 2.64247642
246 2.64347643
246 2.64842648
246 2.64307643
246 2.61292613
246 2.61297613
246 2.61257613
246 2.61437614
246 2.64492645
246 2.64427644
246 2.64587646
246 2.64412644
246 2.62817628
246 2.62592626
246 2.62672627
246 2.62647626
246 2.63427634
246 2.63422634
246 2.64052641
246 2.63587636
246 2.61512615
246 2.61287613
246 2.61272613
246 2.61272613
246 2.64767648
246 2.64287643
246 2.64262643
246 2.64307643
246 2.64057641
246 2.62467625
246 2.62437624
246 2.62437624
246 2.64092641
246 2.63622636
246 2.63882639
246 2.64182642
246 1.64156642
246 1.64126641
246 1.63746637
246 1.63611636
246 2.62462625
246 2.62457625
246 2.63002630
246 2.62387624
246 2.12557126
246 2.12397124
246 2.12467125
246 2.12387124
246 2.62457625
246 2.62462625
246 2.62452625
246 2.63042630
246 2.25107251
246 2.25092251
246 2.25637256
246 2.25087251
246 2.47402474
246 2.47312473
246 2.47302473
246 2.47312473
246 2.63057631
246 2.62612626
246 2.62522625
246 2.62397624
246 2.61897619
246 2.61807618
246 2.61807618
246 2.61822618
246 2.63032630
246 2.62442624
246 2.62502625
246 2.63107631
246 2.63357634
246 2.63582636
246 2.64457645
246 2.63607636
246 1.87456875
246 1.87726877
246 1.87476875
246 1.87471875
246 2.47397474
246 2.47472475
246 2.47212472
246 2.47467475
246 2.61307613
246 2.61442614
246 2.61292613
246 2.61347613
246 2.62897629
246 2.62487625
246 2.62427624
246 2.62582626
246 2.62547625
246 2.62452625
246 2.62462625
246 2.62392624
246 2.17217172
246 2.17362174
246 2.17272173
246 2.17057171
246 2.61312613
246 2.62382624
246 2.61517615
246 2.61507615
246 2.43782438
246 2.43992440
246 2.43862439
246 2.43837438
246 0.97785978
246 0.97790978
246 0.97705977
246 0.98465985
246 1.64326643
246 1.64346643
246 1.64461645
246 1.64241642
