854 4.69194082
854 4.69399084
854 4.69374084
854 4.68439075
854 7.05251136
854 7.04976133
854 7.04891133
854 7.05421137
854 7.02781114
854 7.02931116
854 7.02031108
854 7.00591095
854 7.52326545
854 7.52361546
854 7.52766549
854 7.52306545
854 7.22561286
854 7.22756288
854 7.22421285
854 7.22171283
854 7.13076204
854 7.12491199
854 7.12506199
854 7.12591200
854 6.84910959
854 6.84780958
854 6.84570956
854 6.85090960
854 7.50311528
854 7.50916533
854 7.51086534
854 7.50286527
854 7.69051691
854 7.69546695
854 7.68546686
854 7.68416685
854 7.21501277
854 7.22216283
854 7.21681279
854 7.21501277
854 7.43821471
854 7.43686470
854 7.43911472
854 7.44001473
854 7.02051108
854 7.01981107
854 7.01346102
854 6.99856089
854 7.25096308
854 7.25481312
854 7.25421311
854 7.25036308
854 7.03736123
854 7.02856115
854 7.01136100
854 7.11261188
854 7.19291258
854 7.18561251
854 7.18751253
854 7.18516251
854 6.27955463
854 6.27575460
854 6.29050473
854 6.27535460
854 7.20851271
854 7.29591347
854 7.38766427
854 7.20906272
854 5.63989907
854 5.64269909
854 5.63954906
854 5.64749913
854 7.00906098
854 7.00851097
854 7.01451103
854 7.00891098
854 4.84594216
854 4.86374231
854 4.84704217
854 4.87364240
854 7.57201588
854 7.87396850
854 7.60796619
854 7.60711618
854 6.90931011
854 6.91841019
854 6.91696018
854 6.91151013
854 5.66539929
854 5.65624921
854 5.66644930
854 5.66674930
854 4.65199047
854 4.66004054
854 4.65174047
854 4.65199047
854 4.36868801
854 4.36888801
854 4.37418806
854 4.36813800
854 6.95856054
854 6.95381050
854 6.96076056
854 6.95346050
854 4.40578833
854 4.40143829
854 4.40068829
854 4.40758835
854 4.64059037
854 4.63529033
854 4.63379031
854 4.63444032
854 7.74266736
854 7.74551739
854 7.74301736
854 7.74736740
854 5.40984707
854 5.40934706
854 5.41024707
854 5.41989715
