978 5.59269552
978 5.57259464
978 5.57114457
978 5.56924449
978 6.55478776
978 6.53813702
978 6.53283679
978 6.53843704
978 7.30577072
978 7.30362063
978 7.30212056
978 7.30667076
978 7.39617469
978 7.39597468
978 7.40082490
978 7.37767388
978 7.01340789
978 6.98720674
978 6.99235696
978 6.98660671
978 7.04965948
978 7.04125911
978 7.02180826
978 7.03130867
978 7.42062577
978 7.42527597
978 7.41977573
978 7.42547598
978 5.77155337
978 5.76425305
978 5.76435306
978 5.76315300
978 6.99810722
978 6.99335701
978 6.99820722
978 6.99990730
978 6.84085031
978 6.84325042
978 6.84075031
978 6.84890067
978 7.53233067
978 7.55803180
978 7.55988188
978 7.55603171
978 6.77079724
978 6.77819756
978 6.77139726
978 6.77144727
978 6.67774315
978 6.67744314
978 6.67169289
978 6.67164289
978 7.25496849
978 7.25021828
978 7.24926824
978 7.25651856
978 5.73875193
978 5.74055201
978 5.75005243
978 5.73740187
978 6.90005291
978 6.89825283
978 6.91635363
978 6.91435354
978 6.85100076
978 6.84845065
978 6.84195036
978 6.80664881
978 6.97320612
978 6.97930639
978 6.97960640
978 6.97410616
978 6.99825722
978 7.01145780
978 6.99980729
978 6.99925727
978 7.18106525
978 7.18531544
978 7.17741509
978 7.17421495
978 5.18312754
978 5.30263279
978 5.17577722
978 5.17132702
978 7.38322412
978 7.39017443
978 7.38952440
978 7.38327413
978 7.07216047
978 7.07856075
978 7.06956035
978 7.06881032
978 6.01951426
978 6.02116433
978 6.01481405
978 6.01711415
978 6.79244819
978 6.79254819
978 6.78424783
978 6.78554789
978 6.80889891
978 6.80334867
978 6.80469873
978 6.80884891
978 6.97385615
978 6.97305612
978 6.97985642
978 6.97700629
978 7.31592117
978 7.31692121
978 7.31267103
978 7.29092007
978 6.85615099
978 6.86650144
978 6.85715103
978 6.85540095
978 7.66143634
978 7.66443647
978 7.65948625
978 7.66128633
