466 1.86466977
466 1.85396965
466 1.85386965
466 1.85436966
466 1.80476913
466 1.80491913
466 1.80631915
466 1.80486913
466 2.65822818
466 2.65997820
466 2.65592815
466 2.65262812
466 1.91177026
466 1.90967024
466 1.91012025
466 1.90992025
466 2.50182652
466 2.50012650
466 2.50622657
466 2.50087651
466 1.76846875
466 1.76406870
466 1.76411870
466 1.76386870
466 2.86663039
466 2.86273034
466 2.85908031
466 2.85988031
466 1.09216158
466 1.09146157
466 1.09291158
466 1.09526161
466 1.88256996
466 1.88341996
466 1.88261996
466 1.88331996
466 1.81296922
466 1.81351922
466 1.81301922
466 1.81281922
466 1.61516712
466 1.61356710
466 1.61486712
466 1.61866716
466 1.73746842
466 1.73831843
466 1.74266847
466 1.73576840
466 2.75917925
466 2.75087916
466 2.75057916
466 2.75252918
466 2.00727128
466 2.00372124
466 2.00217122
466 2.00222122
466 2.52892681
466 2.52907681
466 2.54032693
466 2.53597688
466 2.51977671
466 2.51862670
466 2.52807680
466 2.51447665
466 2.44997597
466 2.45132598
466 2.44907596
466 2.44902596
466 1.45396541
466 1.45531543
466 1.45366541
466 1.45346541
466 1.79886907
466 1.79901907
466 1.79721905
466 1.79816906
466 1.58996685
466 1.58921685
466 1.58996685
466 1.58951685
466 2.83998010
466 2.89913073
466 2.83438004
466 2.83583006
466 1.65811758
466 1.65966759
466 1.65841758
466 1.65801757
466 1.76301869
466 1.76336869
466 1.76201868
466 1.76396870
466 2.84043011
466 2.83693007
466 2.83718007
466 2.83873009
466 2.69902861
466 2.70042862
466 2.69987862
466 2.70037862
466 1.88351997
466 1.88271996
466 1.88331996
466 1.87836991
466 1.09181157
466 1.09096156
466 1.09171157
466 1.09091156
466 2.02507147
466 2.02507147
466 2.02572147
466 2.02727149
466 2.79432962
466 2.79032958
466 2.78927957
466 2.79262960
466 1.50336594
466 1.50341594
466 1.50326593
466 1.50326593
