822 6.97725816
822 6.97380803
822 6.94260688
822 6.95245724
822 4.41591339
822 4.41076320
822 4.41766345
822 4.40936315
822 4.88058058
822 4.88243065
822 4.87343032
822 4.87553039
822 7.18906600
822 7.21581699
822 7.20976676
822 7.18526585
822 4.55691861
822 4.54586820
822 4.54606820
822 4.56091875
822 6.03437327
822 6.03112315
822 6.03527331
822 6.03062313
822 7.48912710
822 7.47787668
822 7.46122607
822 7.45037566
822 4.46076505
822 4.46021503
822 4.45951500
822 4.46201509
822 7.18031567
822 7.14326430
822 7.13986417
822 7.13616404
822 7.23496769
822 7.24371802
822 7.24711814
822 7.25886858
822 7.12641368
822 7.12131349
822 7.10651294
822 7.10231279
822 6.99050865
822 6.98615849
822 7.00785929
822 6.98720853
822 4.40781309
822 4.40686305
822 4.42401369
822 4.42871386
822 7.53732888
822 7.56672997
822 7.55807965
822 7.53187868
822 4.54696824
822 4.54316810
822 4.55066837
822 4.54226806
822 7.18911600
822 7.18851598
822 7.19771632
822 7.20881673
822 4.45296476
822 4.45461482
822 4.45841496
822 4.45286476
822 7.38022307
822 7.35502214
822 7.37962305
822 7.35327207
822 7.31907081
822 7.33797150
822 7.35017196
822 7.33162127
822 7.37877301
822 7.37247278
822 7.35097199
822 7.34312170
822 7.39362356
822 7.66153348
822 7.44407543
822 7.44197535
822 7.20941675
822 7.21261687
822 7.26106866
822 7.25491843
822 4.46941537
822 4.46681527
822 4.46701528
822 4.46816532
822 5.93106945
822 5.92841935
822 5.93281951
822 5.92856936
822 6.53529181
822 6.53129166
822 6.52964160
822 6.52824154
822 7.17166535
822 7.16671517
822 7.16311504
822 7.16706518
822 7.21771706
822 7.21816707
822 7.21791706
822 7.19906637
822 7.23346764
822 7.22701740
822 7.23326763
822 7.22546734
822 5.91576888
822 5.92221912
822 5.91781896
822 5.91876899
822 6.98650850
822 6.99215871
822 6.98505845
822 6.98655850
