598 4.19720241
598 4.20360257
598 4.19930246
598 4.20260254
598 4.22005297
598 4.22030298
598 4.22245303
598 4.22135300
598 3.75824170
598 3.75744168
598 3.75684167
598 3.75399160
598 4.35935637
598 4.35575628
598 4.48570945
598 4.37405673
598 4.42610800
598 4.43300817
598 4.42745803
598 4.42590799
598 4.18685216
598 4.18735217
598 4.18805219
598 4.19140227
598 4.66176375
598 4.66421381
598 4.66131374
598 4.67056396
598 3.84794389
598 3.83879367
598 3.85009394
598 3.83229351
598 4.26685411
598 4.26690411
598 4.27315426
598 4.27250425
598 3.94199618
598 3.94069615
598 3.94059615
598 3.94704631
598 3.84094372
598 3.84109372
598 3.84339378
598 3.84079372
598 3.75834170
598 3.76469186
598 3.75874171
598 3.76304182
598 4.31050518
598 4.30840513
598 4.30905514
598 4.31515529
598 4.18000199
598 4.18085201
598 4.18130202
598 4.18050200
598 6.04159741
598 6.04669754
598 6.03954736
598 6.03674730
598 4.47135910
598 4.46495894
598 4.46510895
598 4.46500895
598 3.74449137
598 3.74674142
598 3.74549139
598 3.74829146
598 4.37295670
598 4.37200668
598 4.37205668
598 4.37745681
598 4.69961467
598 4.70211473
598 4.70091470
598 4.69946467
598 3.66043931
598 3.65638922
598 3.66188935
598 3.65778925
598 3.56283693
598 3.82179325
598 3.56313694
598 3.57088713
598 4.16315158
598 4.15570140
598 4.15745144
598 4.15945149
598 3.95889660
598 3.94664630
598 3.88854488
598 3.88679484
598 3.88934490
598 3.89114494
598 3.89754510
598 3.89349500
598 4.39400721
598 4.39510724
598 4.39430722
598 4.39490724
598 7.60188549
598 7.59533533
598 7.59493532
598 7.59773538
598 4.15970150
598 4.15975150
598 4.16190155
598 4.16140154
598 4.46585897
598 4.46825903
598 4.46185887
598 4.46330890
598 3.72774096
598 3.73824121
598 3.73034102
598 3.74069127
598 4.18690216
598 4.18720217
598 4.18790218
598 4.20415258
