130 1.17440117
130 1.17360117
130 1.17435117
130 1.17410117
130 2.32625233
130 2.32490232
130 2.33345233
130 2.32650233
130 2.31725232
130 2.31670232
130 2.32125232
130 2.31620232
130 2.32490232
130 2.32705233
130 2.32515233
130 2.32260232
130 2.30605231
130 2.30665231
130 2.30795231
130 2.31020231
130 2.31695232
130 2.31655232
130 2.31660232
130 2.31650232
130 2.33505234
130 2.33640234
130 2.33000233
130 2.32895233
130 2.32100232
130 2.31735232
130 2.31650232
130 2.31745232
130 2.30615231
130 2.30745231
130 2.30605231
130 2.30665231
130 2.32815233
130 2.32590233
130 2.32825233
130 2.32530233
130 2.31845232
130 2.31890232
130 2.31875232
130 2.32450232
130 2.32270232
130 2.32195232
130 2.32170232
130 2.32710233
130 2.31845232
130 2.31850232
130 2.32155232
130 2.31825232
130 2.32770233
130 2.32730233
130 2.32625233
130 2.32745233
130 2.33220233
130 2.32545233
130 2.32560233
130 2.32570233
130 2.30670231
130 2.30740231
130 2.31085231
130 2.30775231
130 2.31785232
130 2.31675232
130 2.33715234
130 2.32370232
130 0.87775088
130 0.87900088
130 0.87850088
130 0.87715088
130 2.32795233
130 2.32475232
130 2.32570233
130 2.32690233
130 2.30710231
130 2.31195231
130 2.30640231
130 2.30680231
130 2.31900232
130 2.53350253
130 2.34390234
130 2.31795232
130 2.30780231
130 2.30725231
130 2.31350231
130 2.30710231
130 2.32710233
130 2.32555233
130 2.32200232
130 2.31860232
130 2.36125236
130 2.31885232
130 2.31810232
130 2.31805232
130 2.32480232
130 2.32510233
130 2.40005240
130 2.33340233
130 2.30670231
130 2.30620231
130 2.30815231
130 2.30900231
130 2.32095232
130 2.31785232
130 2.31755232
130 2.32680233
130 2.33665234
130 2.32545233
130 2.32555233
130 2.32745233
130 2.25170225
130 2.24965225
130 2.24975225
130 2.25215225
130 2.30630231
130 2.30700231
130 2.31130231
130 2.30720231
