730 4.33989123
730 4.33579119
730 4.33094114
730 4.34229125
730 4.28104067
730 4.28759073
730 4.28084067
730 4.27949066
730 4.62489394
730 4.62794397
730 4.63179400
730 4.62784396
730 4.47359250
730 4.47374250
730 4.47374250
730 4.47729253
730 4.13228926
730 4.13263926
730 4.13893932
730 4.13523928
730 7.59432215
730 7.57752199
730 7.57932200
730 7.58087202
730 4.44934227
730 4.44909227
730 4.45299230
730 4.45109229
730 4.21274002
730 4.21074000
730 4.20958999
730 4.21064000
730 6.93861592
730 6.94081594
730 6.93666590
730 6.94101594
730 4.26379051
730 4.26649053
730 4.26554052
730 4.26339050
730 6.36061043
730 6.34766030
730 6.31165996
730 6.31596000
730 4.91444669
730 4.91744672
730 4.91159666
730 4.92479679
730 4.02328822
730 4.01963819
730 4.00813808
730 4.01283812
730 4.43094209
730 4.43269211
730 4.42964208
730 4.42834207
730 4.43164210
730 4.42979208
730 4.42824207
730 4.42734206
730 4.21609005
730 4.21989009
730 4.21539005
730 4.21384003
730 4.14883941
730 4.14118934
730 4.14088934
730 4.14433937
730 5.33170065
730 5.33115065
730 5.34175075
730 5.33455068
730 7.24296881
730 7.24671884
730 7.24436882
730 7.24946887
730 3.96853770
730 3.96843770
730 3.97408775
730 3.96813770
730 4.40024180
730 4.40839188
730 4.40244182
730 4.40009180
730 7.16636808
730 7.17106813
730 7.16671808
730 7.16461806
730 4.49669272
730 4.50734282
730 4.49364269
730 4.49524270
730 4.35059133
730 4.35329136
730 4.35179134
730 4.35224135
730 7.24056879
730 7.23861877
730 7.24406882
730 7.23851877
730 7.29921934
730 7.28076917
730 7.28056917
730 7.28076917
730 4.28139067
730 4.28354069
730 4.28624072
730 4.28129067
730 4.11288907
730 4.11933913
730 4.11193906
730 4.11713911
730 4.24324031
730 4.24304031
730 4.24219030
730 4.24054029
730 7.11211757
730 7.11581760
730 7.10906754
730 7.07416720
