170 2.46015123
170 2.46075123
170 2.46155123
170 2.46145123
170 2.46100123
170 2.46095123
170 2.46080123
170 2.46520123
170 2.44985122
170 2.44965122
170 2.45000123
170 2.45585123
170 2.46445123
170 2.46115123
170 2.46105123
170 2.46180123
170 2.17805109
170 2.17815109
170 2.18020109
170 2.17790109
170 2.46000123
170 2.46170123
170 2.46955123
170 2.46155123
170 2.45385123
170 2.45060123
170 2.44975122
170 2.44980122
170 2.47095124
170 2.47305124
170 2.46995123
170 2.46035123
170 2.46975123
170 2.47250124
170 2.46300123
170 2.46275123
170 2.47735124
170 2.47845124
170 2.47650124
170 2.47860124
170 2.47105124
170 2.47020124
170 2.47235124
170 2.47245124
170 2.47050124
170 2.46985123
170 2.47325124
170 2.47055124
170 2.46980123
170 2.46845123
170 2.46840123
170 2.47095124
170 2.45000123
170 2.45290123
170 2.45080123
170 2.45145123
170 0.92545046
170 0.92545046
170 0.92440046
170 0.92615046
170 0.92490046
170 0.92530046
170 0.92595046
170 0.92515046
170 2.48030124
170 2.46985123
170 2.46905123
170 2.47140124
170 2.45580123
170 2.45050123
170 2.45140123
170 2.46270123
170 2.47335124
170 2.47900124
170 2.47295124
170 2.47640124
170 2.46220123
170 2.46310123
170 2.46305123
170 2.46390123
170 2.21495111
170 2.39215120
170 2.21705111
170 2.21490111
170 2.45150123
170 2.44975122
170 2.45530123
170 2.45145123
170 2.46135123
170 2.46150123
170 2.46045123
170 2.46700123
170 2.47935124
170 2.47935124
170 2.47920124
170 2.48680124
170 2.46105123
170 2.46160123
170 2.46165123
170 2.46095123
170 2.27250114
170 2.27235114
170 2.27290114
170 2.27305114
170 2.47420124
170 2.47020124
170 2.47010124
170 2.47020124
170 2.47435124
170 2.47270124
170 2.47045124
170 2.47115124
170 2.47040124
170 2.47345124
170 2.47055124
170 2.47130124
170 2.45005123
170 2.44995122
170 2.44990122
170 2.44990122
