154 2.44015244
154 2.44235244
154 2.44000244
154 2.44120244
154 2.42825243
154 2.42785243
154 2.42655243
154 2.42720243
154 2.41850242
154 2.41795242
154 2.41855242
154 2.41880242
154 2.41260241
154 2.40840241
154 2.40905241
154 2.40825241
154 2.44180244
154 2.43665244
154 2.43640244
154 2.43830244
154 0.90675091
154 0.90615091
154 0.90755091
154 0.90615091
154 0.90690091
154 0.90685091
154 0.90660091
154 0.90755091
154 0.90245090
154 0.90240090
154 0.90235090
154 0.90215090
154 2.43690244
154 2.43590244
154 2.43760244
154 2.43745244
154 2.43225243
154 2.42740243
154 2.42785243
154 2.42900243
154 2.41265241
154 2.40775241
154 2.40765241
154 2.40990241
154 2.42555243
154 2.42650243
154 2.42650243
154 2.42720243
154 2.33380233
154 2.33510234
154 2.33670234
154 2.33445233
154 2.42745243
154 2.42780243
154 2.43345243
154 2.42690243
154 0.90255090
154 0.90400090
154 0.90240090
154 0.90220090
154 2.42370242
154 2.42170242
154 2.42010242
154 2.42170242
154 2.42765243
154 2.42840243
154 2.42660243
154 2.42910243
154 2.40745241
154 2.40775241
154 2.41225241
154 2.40840241
154 2.42055242
154 2.42075242
154 2.42480242
154 2.42045242
154 2.42760243
154 2.42745243
154 2.42720243
154 2.43530244
154 2.42170242
154 2.51550252
154 2.41795242
154 2.42100242
154 2.43975244
154 2.43525244
154 2.44290244
154 2.43780244
154 2.42650243
154 2.44035244
154 2.44150244
154 2.43230243
154 2.44890245
154 2.45490245
154 2.45495245
154 2.45635246
154 2.43965244
154 2.43920244
154 2.42490242
154 2.42245242
154 2.40930241
154 2.40855241
154 2.40765241
154 2.40765241
154 2.41865242
154 2.41810242
154 2.42880243
154 2.42540243
154 2.44450244
154 2.43560244
154 2.44130244
154 2.43725244
154 1.68170168
154 1.67765168
154 1.67825168
154 1.67595168
154 2.41855242
154 2.43285243
154 2.41800242
154 2.42890243
