966 6.28473344
966 6.27808314
966 6.27668308
966 6.27673308
966 7.05411814
966 7.05006796
966 7.05686826
966 7.05496818
966 7.27272800
966 7.27352804
966 7.27597815
966 7.27127793
966 7.12932153
966 7.13132162
966 7.12997156
966 7.12382128
966 5.55180039
966 5.56430095
966 5.55270043
966 5.55145037
966 5.95561860
966 5.95931877
966 5.95016835
966 5.94921831
966 6.68680157
966 6.69375189
966 6.68510150
966 6.68410145
966 7.31032970
966 7.31072971
966 7.30632952
966 7.30502946
966 6.83930845
966 6.83005804
966 6.82950801
966 6.86815975
966 7.26592769
966 7.26727775
966 7.26432762
966 7.27082791
966 7.24792688
966 7.25542722
966 7.25277710
966 7.24867692
966 7.63754445
966 7.63184420
966 7.60894316
966 7.60909317
966 6.18222882
966 6.17607854
966 6.17752861
966 6.17562852
966 7.07601913
966 7.07801922
966 7.07706918
966 7.09772011
966 7.03481727
966 7.03961749
966 7.03456726
966 7.03976749
966 7.06396858
966 7.06811877
966 7.06961884
966 7.06391858
966 7.36183202
966 7.36428213
966 7.36203203
966 7.35978193
966 7.09702008
966 7.09406994
966 7.08831968
966 7.08671961
966 7.01286628
966 7.00861609
966 7.01026616
966 7.01546640
966 7.56154103
966 7.56309110
966 7.55904091
966 7.54039007
966 7.10477043
966 7.06106845
966 6.87441004
966 6.89786109
966 7.40733407
966 7.40683405
966 7.41523443
966 7.41038421
966 5.98922011
966 5.99247026
966 5.99692046
966 5.99087019
966 6.30838451
966 6.31098463
966 6.33588575
966 6.30888453
966 7.19052429
966 7.19297440
966 7.18767416
966 7.18732415
966 7.37323253
966 7.37318253
966 7.36903234
966 7.36958237
966 6.98161487
966 6.97606462
966 6.97661465
966 6.98586506
966 7.47028691
966 7.47093694
966 7.47243701
966 7.46713677
966 5.00797586
966 5.00967594
966 5.02117646
966 5.01172603
966 5.22733575
966 5.22833580
966 5.22963586
966 5.23288600
