550 3.80466658
550 3.81041668
550 3.80136652
550 3.79996650
550 3.23925669
550 3.23200656
550 3.23245657
550 3.23635664
550 3.48221094
550 3.48281095
550 3.48211094
550 3.48146093
550 3.26410712
550 3.26345711
550 3.26730718
550 3.26360711
550 2.38409172
550 2.38409172
550 2.38879180
550 2.38534174
550 2.55994480
550 2.55984480
550 2.56184483
550 2.56239484
550 3.23040653
550 3.22715648
550 3.22730648
550 3.22750648
550 2.01398524
550 2.01388524
550 2.01878533
550 2.01373524
550 3.55071214
550 3.55001213
550 3.55506221
550 3.56806244
550 3.74951562
550 3.75256567
550 3.75186566
550 3.74836560
550 3.40890966
550 3.41075969
550 3.40970967
550 3.41360974
550 3.28460748
550 3.28355746
550 3.28380747
550 3.29265762
550 2.39484191
550 2.39339188
550 2.39229187
550 2.40049201
550 2.52459418
550 2.52389417
550 2.52409417
550 2.52259415
550 3.57661259
550 3.57716260
550 3.57786261
550 3.57861263
550 2.31409050
550 2.31144045
550 2.30524034
550 2.31059044
550 2.06023605
550 2.05768601
550 2.06098607
550 2.05848602
550 2.42074236
550 2.42134237
550 2.42179238
550 2.42524244
550 2.80089902
550 2.80159903
550 2.80149903
550 2.80164903
550 2.22053886
550 2.19868848
550 2.24913936
550 2.21368874
550 2.85599998
550 2.90965092
550 2.85634999
550 2.85840002
550 3.27295728
550 3.26410712
550 3.26520714
550 3.26475713
550 2.01293523
550 2.01298523
550 2.01353524
550 2.01208521
550 2.90245079
550 2.89270062
550 2.90375082
550 2.89295063
550 2.54724458
550 2.54944462
550 2.55054463
550 2.55664474
550 3.01940284
550 3.00810264
550 3.01035268
550 3.00815264
550 2.44979287
550 2.44939286
550 2.45109289
550 2.44889286
550 3.68796454
550 3.68221444
550 3.68426447
550 3.68221444
550 3.41980985
550 3.41995985
550 3.42005985
550 3.43526012
550 1.99268487
550 1.99183486
550 1.99163485
550 1.99183486
