402 1.08040529
402 1.08140530
402 1.08105530
402 1.08030529
402 1.08340531
402 1.08330531
402 1.08330531
402 1.08350531
402 2.80966377
402 2.81601380
402 2.81416379
402 2.81166378
402 2.06021010
402 2.06171010
402 2.06006009
402 2.06011009
402 1.59065779
402 1.59055779
402 1.59050779
402 1.59045779
402 2.38771170
402 2.37866166
402 2.37186162
402 2.37186162
402 2.80996377
402 2.81006377
402 2.80981377
402 2.81116377
402 1.52990750
402 1.53220751
402 1.52880749
402 1.53035750
402 2.42926190
402 2.43001191
402 2.43561193
402 2.42966191
402 1.75270859
402 1.75175858
402 1.75180858
402 1.75200858
402 1.63545801
402 1.63505801
402 1.63345800
402 1.63270800
402 2.08801023
402 2.08766023
402 2.08761023
402 2.08681023
402 2.59251270
402 2.59691272
402 2.59571272
402 2.59531272
402 2.81006377
402 2.81071377
402 2.80996377
402 2.81311378
402 2.27901117
402 2.29036122
402 2.27916117
402 2.28746121
402 1.37125672
402 1.37095672
402 1.37190672
402 1.37110672
402 2.64776297
402 2.64841298
402 2.64796298
402 2.64691297
402 2.47601213
402 2.47966215
402 2.47581213
402 2.47501213
402 2.82351384
402 2.82231383
402 2.82551385
402 2.82241383
402 2.84331393
402 2.84936396
402 2.84411394
402 2.84391394
402 1.32365649
402 1.53870754
402 1.32230648
402 1.32325648
402 2.81281378
402 2.81421379
402 2.80926377
402 2.81031377
402 1.08350531
402 1.08350531
402 1.08055529
402 1.07965529
402 2.82236383
402 2.82331383
402 2.82311383
402 2.82746385
402 2.83276388
402 2.84966396
402 2.83341388
402 2.83356388
402 1.07530527
402 1.07615527
402 1.07525527
402 1.07525527
402 1.60835788
402 1.60985789
402 1.61115789
402 1.60840788
402 2.18286070
402 2.18126069
402 2.18226069
402 2.18351070
402 1.12950553
402 1.12870553
402 1.12955553
402 1.13015554
402 2.78791366
402 2.79211368
402 2.78721366
402 2.79301369
