66 0.81075081
66 0.81820082
66 0.81055081
66 0.80840081
66 0.80565081
66 0.80580081
66 0.80660081
66 0.80835081
66 0.80815081
66 0.80745081
66 0.80615081
66 0.80975081
66 0.80295080
66 0.80275080
66 0.80430080
66 0.80165080
66 0.80805081
66 0.80895081
66 0.80530081
66 0.80400080
66 0.65450065
66 0.65380065
66 0.65425065
66 0.65465065
66 0.65260065
66 0.65490065
66 0.65330065
66 0.65485065
66 0.80325080
66 0.81175081
66 0.80170080
66 0.80345080
66 0.80760081
66 0.80750081
66 0.80605081
66 0.80690081
66 0.80820081
66 0.80865081
66 0.80730081
66 0.80775081
66 0.80375080
66 0.80015080
66 0.80090080
66 0.80390080
66 0.81450081
66 0.80940081
66 0.80775081
66 0.81065081
66 0.80465080
66 0.80705081
66 0.81035081
66 0.80540081
66 0.80705081
66 0.80715081
66 0.80610081
66 0.80505081
66 0.80225080
66 0.80300080
66 0.79995080
66 0.80385080
66 0.80410080
66 0.80775081
66 0.80835081
66 0.81275081
66 0.80625081
66 0.80600081
66 0.80945081
66 0.80565081
66 0.81105081
66 0.81175081
66 0.80995081
66 0.80850081
66 0.80380080
66 0.80385080
66 0.80225080
66 0.80000080
66 0.80735081
66 0.80535081
66 0.80490080
66 0.80645081
66 0.80655081
66 0.95435095
66 0.80850081
66 0.80780081
66 0.80395080
66 0.80170080
66 0.80135080
66 0.80420080
66 0.80680081
66 0.80550081
66 0.80485080
66 0.81090081
66 0.80715081
66 0.80815081
66 0.80785081
66 0.80740081
66 0.80745081
66 0.80765081
66 0.80800081
66 0.81080081
66 0.80320080
66 0.80280080
66 0.80260080
66 0.80250080
66 0.81195081
66 0.81330081
66 0.81360081
66 0.81295081
66 0.80935081
66 0.80925081
66 0.80900081
66 0.81280081
66 0.80680081
66 0.80870081
66 0.80685081
66 0.80695081
66 0.80470080
66 0.80545081
66 0.80420080
66 0.80480080
