606 3.93733583
606 3.94218587
606 3.94138587
606 3.94318588
606 3.73133396
606 3.72823393
606 3.72988394
606 3.72878393
606 3.78873448
606 3.78883448
606 3.79058449
606 3.78873448
606 4.17488799
606 4.17698801
606 4.17498799
606 4.18183805
606 3.93508581
606 3.93448580
606 3.93518581
606 3.94158587
606 4.71574291
606 4.71814294
606 4.71489291
606 4.71494291
606 4.45869057
606 4.46119060
606 4.45354053
606 4.45254052
606 4.32228933
606 4.32778938
606 4.31963931
606 4.32048932
606 3.95663601
606 3.95588600
606 3.95648600
606 3.96053604
606 3.91883566
606 3.92748574
606 3.91633564
606 3.91648564
606 4.37353980
606 4.36863975
606 4.36873976
606 4.36773975
606 4.05133687
606 4.05138687
606 4.05573691
606 4.05628691
606 4.28883903
606 4.28633901
606 4.28898903
606 4.28883903
606 4.00853648
606 4.00843648
606 4.01643655
606 4.00843648
606 4.73084305
606 4.73944313
606 4.74104314
606 4.74664319
606 4.96034514
606 4.96234516
606 4.96449518
606 4.96049514
606 3.98858630
606 3.98683628
606 3.98758629
606 3.99038631
606 4.49624092
606 4.48319080
606 4.47369071
606 4.47449072
606 4.15113778
606 4.13893766
606 4.13948767
606 4.13973767
606 4.02853666
606 4.02838666
606 4.03393671
606 4.03323670
606 4.49889094
606 4.80279371
606 4.49514091
606 4.49524091
606 3.95893603
606 3.96313606
606 3.95923603
606 3.95858602
606 3.97333616
606 3.97358616
606 3.97848620
606 3.97678619
606 3.70958376
606 3.73723401
606 3.72393389
606 3.72298388
606 6.29000724
606 6.28590720
606 6.28625720
606 6.28610720
606 4.58924176
606 4.58139169
606 4.57989168
606 4.58134169
606 7.54496866
606 7.55051871
606 7.54021862
606 7.54026862
606 4.59909185
606 4.57824166
606 4.57599164
606 4.57914167
606 4.89669456
606 4.90284462
606 4.89669456
606 4.89684456
606 4.29973913
606 4.30003913
606 4.28753902
606 4.28333898
