46 0.54390076
46 0.54480076
46 0.54380076
46 0.54455076
46 0.54020076
46 0.54015076
46 0.54015076
46 0.54015076
46 0.54315076
46 0.54390076
46 0.54240076
46 0.54315076
46 0.54385076
46 0.54460076
46 0.54445076
46 0.54455076
46 0.54460076
46 0.54465076
46 0.54335076
46 0.54635076
46 0.54020076
46 0.54020076
46 0.54030076
46 0.54010076
46 0.54545076
46 0.54470076
46 0.54390076
46 0.54540076
46 0.54460076
46 0.54385076
46 0.54525076
46 0.54450076
46 0.54245076
46 0.54240076
46 0.54230076
46 0.54320076
46 0.54095076
46 0.54015076
46 0.54010076
46 0.54505076
46 0.54320076
46 0.54335076
46 0.54310076
46 0.54230076
46 0.54540076
46 0.54890077
46 0.54790077
46 0.54455076
46 0.54030076
46 0.54040076
46 0.54020076
46 0.54015076
46 0.54475076
46 0.54545076
46 0.54310076
46 0.54540076
46 0.54460076
46 0.54460076
46 0.54530076
46 0.54530076
46 0.54545076
46 0.54390076
46 0.54455076
46 0.54455076
46 0.54015076
46 0.54020076
46 0.54015076
46 0.54015076
46 0.54495076
46 0.54545076
46 0.54540076
46 0.54540076
46 0.54730077
46 0.54830077
46 0.54385076
46 0.54530076
46 0.54395076
46 0.54465076
46 0.54460076
46 0.54530076
46 0.54320076
46 0.84420118
46 0.54645077
46 0.54320076
46 0.54125076
46 0.54175076
46 0.54325076
46 0.54015076
46 0.54320076
46 0.54325076
46 0.54395076
46 0.54240076
46 0.54320076
46 0.54315076
46 0.54310076
46 0.54240076
46 0.54460076
46 0.54460076
46 0.54535076
46 0.54545076
46 0.54025076
46 0.54070076
46 0.54010076
46 0.54430076
46 0.54475076
46 0.54400076
46 0.54320076
46 0.54385076
46 0.54320076
46 0.54395076
46 0.54235076
46 0.54305076
46 0.55155077
46 0.54625076
46 0.54460076
46 0.54530076
46 0.54020076
46 0.54100076
46 0.54015076
46 0.54015076
