266 1.00006290
266 1.00011290
266 1.00001290
266 1.00001290
266 2.71408501
266 2.71083497
266 2.71228499
266 2.71023496
266 2.71118497
266 2.70963495
266 2.71123497
266 2.71103497
266 1.83267364
266 1.83117362
266 1.83122362
266 1.83557368
266 1.87267416
266 1.87367417
266 1.87372417
266 1.87272416
266 2.71078497
266 2.71083497
266 2.71768506
266 2.71028496
266 2.72448515
266 2.72203511
266 2.72373514
266 2.72203511
266 1.01116304
266 1.01111304
266 1.01106304
266 1.01111304
266 2.70343487
266 2.69893482
266 2.69878481
266 2.70528490
266 1.89772448
266 1.89837449
266 1.89682447
266 1.89672447
266 2.53643272
266 2.53713273
266 2.54408282
266 2.53713273
266 2.69913482
266 2.69878481
266 2.69978483
266 2.69953482
266 2.52403256
266 2.52383256
266 2.52943263
266 2.52453257
266 1.00461296
266 1.01006303
266 1.00446296
266 1.00451296
266 1.00871301
266 1.00831301
266 1.00821301
266 1.00901302
266 1.65897140
266 1.65862140
266 1.66827152
266 1.66122143
266 2.69678479
266 2.69038471
266 2.69278474
266 2.69103471
266 2.71203499
266 2.71073497
266 2.71118497
266 2.71113497
266 2.07317674
266 2.07207673
266 2.07187673
266 2.08112685
266 2.69888482
266 2.70123485
266 2.69903482
266 2.69953482
266 2.72438514
266 2.84543671
266 2.72078510
266 2.72023509
266 2.18177814
266 2.18242815
266 2.18112814
266 2.18162814
266 2.70463489
266 2.69888482
266 2.70003483
266 2.69958482
266 1.00466296
266 1.00471296
266 1.00456296
266 1.00456296
266 2.57173318
266 2.57178318
266 2.57243318
266 2.57623323
266 2.71888507
266 2.71873507
266 2.71893507
266 2.71978509
266 2.69888482
266 2.69883481
266 2.70058484
266 2.70343487
266 2.55513296
266 2.55703299
266 2.56648311
266 2.56363307
266 2.50743235
266 2.50768235
266 2.50768235
266 2.50843236
266 2.72328513
266 2.72033509
266 2.72098510
266 2.72158511
