630 4.47085447
630 4.47490447
630 4.46925447
630 4.47360447
630 4.33715434
630 4.33765434
630 4.33430433
630 4.31745432
630 4.25895426
630 4.25250425
630 4.24555425
630 4.24595425
630 4.66415466
630 4.67290467
630 4.67025467
630 4.66610467
630 7.48185748
630 7.48245748
630 7.48550749
630 7.48240748
630 4.15565416
630 4.15555416
630 4.16000416
630 4.16025416
630 4.63270463
630 4.63190463
630 4.63350463
630 4.63870464
630 6.69780670
630 6.69835670
630 6.69705670
630 6.70540671
630 4.61090461
630 4.60875461
630 4.73620474
630 4.73920474
630 4.59655460
630 4.59685460
630 4.59580460
630 4.59655460
630 4.64500465
630 4.64560465
630 4.64285464
630 4.64050464
630 6.37540638
630 6.37945638
630 6.37540638
630 6.37300637
630 4.15800416
630 4.15545416
630 4.15230415
630 4.13110413
630 3.91295391
630 3.91075391
630 3.91495391
630 3.91250391
630 3.75780376
630 3.76715377
630 3.75835376
630 3.75745376
630 3.88825389
630 3.89620390
630 3.88875389
630 3.88725389
630 3.95195395
630 3.95275395
630 3.95290395
630 3.95465395
630 6.29830630
630 6.29745630
630 6.29660630
630 6.30460630
630 4.16525417
630 4.16310416
630 4.16310416
630 4.16450416
630 3.90835391
630 3.92300392
630 3.90610391
630 3.90695391
630 6.11645612
630 5.99360599
630 5.90250590
630 5.90095590
630 4.33835434
630 4.33380433
630 4.33140433
630 4.33110433
630 4.03490403
630 4.03290403
630 4.03850404
630 4.03375403
630 3.87820388
630 3.87960388
630 3.87935388
630 3.88370388
630 5.78510579
630 5.78195578
630 5.78320578
630 5.78070578
630 3.74560375
630 3.74460374
630 3.75230375
630 3.74715375
630 4.37860438
630 4.38595439
630 4.38440438
630 4.37765438
630 4.44635445
630 4.44690445
630 4.44530445
630 4.44985445
630 3.78795379
630 3.78815379
630 3.78785379
630 3.78835379
630 7.51420751
630 7.50350750
630 7.50410750
630 7.50665751
