594 3.66040366
594 3.66385366
594 3.66085366
594 3.66025366
594 4.50380450
594 4.50455450
594 4.49790450
594 4.49725450
594 4.62515463
594 4.62580463
594 4.63055463
594 4.62770463
594 4.33155433
594 4.33020433
594 4.33025433
594 4.33555434
594 7.00920701
594 7.01310701
594 7.00905701
594 7.04060704
594 3.70360370
594 3.69720370
594 3.69840370
594 3.69735370
594 5.54445554
594 5.53695554
594 5.53910554
594 5.53685554
594 3.86435386
594 3.86325386
594 3.86710387
594 3.86315386
594 4.24850425
594 4.24955425
594 4.25565426
594 4.24925425
594 4.13335413
594 4.11570412
594 4.10455410
594 4.10540411
594 3.88725389
594 3.89720390
594 3.88885389
594 3.88900389
594 4.01685402
594 4.01735402
594 4.00310400
594 4.00295400
594 6.19965620
594 6.19895620
594 6.18970619
594 6.18435618
594 4.46610447
594 4.46545447
594 4.46975447
594 4.47450447
594 4.33965434
594 4.34210434
594 4.33955434
594 4.34015434
594 4.56100456
594 4.55750456
594 4.55295455
594 4.55215455
594 3.95865396
594 3.96455396
594 3.95840396
594 3.95765396
594 4.35095435
594 4.34935435
594 4.35170435
594 4.35140435
594 4.69535470
594 4.69335469
594 4.69055469
594 4.69090469
594 4.10870411
594 4.10705411
594 4.11545412
594 4.10705411
594 4.16065416
594 4.30115430
594 4.16090416
594 4.15925416
594 4.06370406
594 4.06370406
594 4.06980407
594 4.05285405
594 4.58665459
594 4.58730459
594 4.58905459
594 4.58660459
594 4.03920404
594 4.03840404
594 4.03830404
594 4.03900404
594 4.00525401
594 4.02325402
594 4.00490400
594 4.00485400
594 7.26180726
594 7.26070726
594 7.26360726
594 7.25985726
594 4.01065401
594 4.01340401
594 4.02220402
594 4.01180401
594 4.27340427
594 4.27280427
594 4.27485427
594 4.27700428
594 3.74380374
594 3.73515374
594 3.73470373
594 3.73535374
594 4.03555404
594 4.04470404
594 4.03500404
594 4.03270403
