178 1.82275893
178 1.82295893
178 1.82270893
178 1.82285893
178 2.49786224
178 2.49351222
178 2.49411222
178 2.49346222
178 2.48386217
178 2.48676219
178 2.48321217
178 2.49351222
178 0.93210457
178 0.93170457
178 0.93155456
178 0.93105456
178 0.92950455
178 0.92890455
178 0.92965456
178 0.92920455
178 2.50251226
178 2.50456227
178 2.50176226
178 2.50376227
178 2.49696224
178 2.49701224
178 2.50166226
178 2.49711224
178 2.50271226
178 2.50371227
178 2.49756224
178 2.49876224
178 2.50381227
178 2.50291226
178 2.50211226
178 2.50546228
178 0.93200457
178 0.93185457
178 0.93170457
178 0.93345457
178 0.92890455
178 0.92915455
178 0.92825455
178 0.92985456
178 2.50306227
178 2.50296226
178 2.50406227
178 2.50226226
178 2.49686223
178 2.49436222
178 2.49356222
178 2.49316222
178 2.48841219
178 2.48251216
178 2.48486218
178 2.48316217
178 2.51101230
178 2.51891234
178 2.51091230
178 2.51176231
178 2.51701233
178 2.51701233
178 2.51686233
178 2.52026235
178 2.32241138
178 2.32416139
178 2.33126142
178 2.32381139
178 2.48361217
178 2.48231216
178 2.48786219
178 2.48251216
178 2.49536223
178 2.49381222
178 2.49371222
178 2.49856224
178 0.93460458
178 0.93690459
178 0.93630459
178 0.93550458
178 2.48256216
178 2.53991245
178 2.50061225
178 2.49571223
178 2.49636223
178 2.48256216
178 2.48221216
178 2.48796219
178 2.51846234
178 2.51716233
178 2.51831234
178 2.51651233
178 2.13156044
178 2.12311040
178 2.12151040
178 2.13076044
178 2.49671223
178 2.49356222
178 2.49356222
178 2.50411227
178 2.48756219
178 2.48261216
178 2.48326217
178 2.48331217
178 2.50676228
178 2.50191226
178 2.49891224
178 2.49376222
178 2.49356222
178 2.49431222
178 2.49351222
178 2.49426222
178 2.51061230
178 2.51196231
178 2.50306227
178 2.50316227
178 2.26186108
178 2.26206108
178 2.26511110
178 2.26196108
