186 2.51497062
186 2.51382061
186 2.52282069
186 2.51432062
186 2.50537054
186 2.50587055
186 2.52237068
186 2.51287061
186 2.50512054
186 2.50507054
186 2.50737056
186 2.50717056
186 2.49687047
186 2.49392045
186 2.49462046
186 2.49397045
186 2.50762056
186 2.50742056
186 2.50742056
186 2.50997058
186 2.16676777
186 2.16726777
186 2.16731777
186 2.16781778
186 2.50737056
186 2.50727056
186 2.50782056
186 2.50657055
186 2.49867049
186 2.49462046
186 2.49537046
186 2.49452046
186 0.93845770
186 0.93765769
186 0.93695768
186 0.93780769
186 2.29106879
186 2.28976878
186 2.29111879
186 2.29026878
186 2.49402045
186 2.49402045
186 2.49412045
186 2.49902049
186 2.17981787
186 2.18136789
186 2.19231798
186 2.18056788
186 1.83781507
186 1.84541513
186 1.83771507
186 1.83926508
186 0.94000771
186 0.94000771
186 0.94080771
186 0.94160772
186 1.90481562
186 1.90471562
186 1.90546562
186 1.90461562
186 2.52192068
186 2.53182076
186 2.52257069
186 2.52292069
186 2.50827057
186 2.51112059
186 2.50707056
186 2.50957058
186 2.50742056
186 2.50672056
186 2.51197060
186 2.50742056
186 2.49417045
186 2.49557046
186 2.49392045
186 2.49467046
186 2.50462054
186 2.50602055
186 2.50637055
186 2.50832057
186 2.46657023
186 2.77307274
186 2.47277028
186 2.47482029
186 2.49412045
186 2.49552046
186 2.49412045
186 2.49477046
186 2.51767064
186 2.50752056
186 2.51652064
186 2.51202060
186 0.93710768
186 0.93590767
186 0.93665768
186 0.93655768
186 2.50512054
186 2.51007058
186 2.50497054
186 2.50617055
186 2.49397045
186 2.49872049
186 2.49487046
186 2.49617047
186 2.51592063
186 2.51432062
186 2.51492062
186 2.51532063
186 2.51467062
186 2.51472062
186 2.51962066
186 2.51457062
186 2.51477062
186 2.51407062
186 2.51867065
186 2.50717056
186 0.93410766
186 0.93235765
186 0.93315765
186 0.93245765
