54 0.56550057
54 0.56540057
54 0.56560057
54 0.56540057
54 0.57080057
54 0.57065057
54 0.57060057
54 0.56985057
54 0.56960057
54 0.56975057
54 0.57040057
54 0.57025057
54 0.57020057
54 0.56980057
54 0.57045057
54 0.56905057
54 0.56555057
54 0.56530057
54 0.56535057
54 0.56680057
54 0.56775057
54 0.56800057
54 0.56840057
54 0.56845057
54 0.56830057
54 0.56920057
54 0.56825057
54 0.56805057
54 0.57050057
54 0.56955057
54 0.56970057
54 0.56995057
54 0.56535057
54 0.56550057
54 0.56545057
54 0.56520057
54 0.56920057
54 0.56765057
54 0.56845057
54 0.57055057
54 0.57050057
54 0.57060057
54 0.56985057
54 0.57050057
54 0.56690057
54 0.56625057
54 0.56905057
54 0.56550057
54 0.56825057
54 0.56765057
54 0.56845057
54 0.56690057
54 0.57045057
54 0.56985057
54 0.56890057
54 0.57040057
54 0.56680057
54 0.56855057
54 0.56920057
54 0.56860057
54 0.56550057
54 0.56545057
54 0.56545057
54 0.56530057
54 0.56840057
54 0.56755057
54 0.56845057
54 0.56785057
54 0.56835057
54 0.56770057
54 0.56755057
54 0.56800057
54 0.57295057
54 0.56985057
54 0.57055057
54 0.56935057
54 0.56525057
54 0.56540057
54 0.56520057
54 0.56545057
54 0.56780057
54 0.70620071
54 0.56755057
54 0.56845057
54 0.56540057
54 0.56780057
54 0.56765057
54 0.56545057
54 0.56770057
54 0.56765057
54 0.56825057
54 0.56855057
54 0.56825057
54 0.56745057
54 0.56830057
54 0.56715057
54 0.57000057
54 0.56980057
54 0.56955057
54 0.57065057
54 0.56550057
54 0.56520057
54 0.56535057
54 0.56530057
54 0.56845057
54 0.56760057
54 0.56840057
54 0.56770057
54 0.56910057
54 0.56740057
54 0.56740057
54 0.56815057
54 0.57365057
54 0.56985057
54 0.57055057
54 0.56925057
54 0.56615057
54 0.56540057
54 0.56540057
54 0.56540057
