102 2.13770470
102 2.13265469
102 2.13265469
102 2.13430470
102 2.01215443
102 2.01090442
102 2.01095442
102 2.01170443
102 2.12475467
102 2.12320467
102 2.12375467
102 2.12320467
102 2.13300469
102 2.13380469
102 2.13780470
102 2.13280469
102 2.13410470
102 2.13345469
102 2.13415470
102 2.13500470
102 2.17325478
102 2.22345489
102 2.13275469
102 2.13405469
102 2.12805468
102 2.12320467
102 2.12300467
102 2.12390467
102 2.14845473
102 2.14790473
102 2.14910473
102 2.14940473
102 2.13345469
102 2.13485470
102 2.13625470
102 2.13470470
102 2.14085471
102 2.14090471
102 2.14030471
102 2.14010471
102 0.80955178
102 0.81230179
102 0.80925178
102 0.81015178
102 2.14005471
102 2.15255474
102 2.14270471
102 2.14275471
102 2.13370469
102 2.13425470
102 2.13605470
102 2.13425470
102 2.12345467
102 2.12330467
102 2.12315467
102 2.12470467
102 2.14470472
102 2.13930471
102 2.13895471
102 2.13985471
102 0.81085178
102 0.81140179
102 0.81180179
102 0.81125178
102 2.15150473
102 2.14360472
102 2.14340472
102 2.14570472
102 2.12485467
102 2.12350467
102 2.12315467
102 2.12330467
102 2.13135469
102 2.13290469
102 2.13265469
102 2.13115469
102 2.13580470
102 2.13430470
102 2.13875471
102 2.13395469
102 2.13925471
102 2.58065568
102 2.13435470
102 2.13445470
102 2.12335467
102 2.12320467
102 2.12310467
102 2.12330467
102 2.14250471
102 2.14425472
102 2.14330472
102 2.15040473
102 1.70275375
102 1.70285375
102 1.70340375
102 1.70190374
102 2.13505470
102 2.14275471
102 2.14035471
102 2.14045471
102 2.12330467
102 2.12795468
102 2.12400467
102 2.12350467
102 2.12740468
102 2.12330467
102 2.12320467
102 2.12325467
102 2.13295469
102 2.13170469
102 2.13310469
102 2.14370472
102 2.13515470
102 2.13420470
102 2.13410470
102 2.13440470
102 2.14090471
102 2.14550472
102 2.14020471
102 2.14010471
