rand 2097152 1 4 9934.7000 10117.6333
rand 2097152 1 4096 291.2667 398.4667
rand 2097152 1 32768 53.5333 76.2667
rand 2097152 1 2097152 1.0000 4.0000
rand 2097152 2 4 17126.0333 17302.2333
rand 2097152 2 4096 406.0333 551.8333
rand 2097152 2 32768 101.5333 140.2000
rand 2097152 2 2097152 2.0000 5.7667
rand 2097152 4 4 32743.3333 32920.0333
rand 2097152 4 4096 471.2333 636.5667
rand 2097152 4 32768 181.3667 249.8333
rand 2097152 4 2097152 3.4333 8.0000
rand 2097152 8 4 63977.4333 64155.5333
rand 2097152 8 4096 511.3000 680.2000
rand 2097152 8 32768 292.1000 400.0333
rand 2097152 8 2097152 7.0000 13.8333
rand 2097152 16 4 130541.7667 130720.4667
rand 2097152 16 4096 575.5000 744.8333
rand 2097152 16 32768 402.2333 547.3667
rand 2097152 16 2097152 14.2000 23.4667
rand 16777216 1 4 179247.1667 181024.7333
rand 16777216 1 4096 2802.0000 3867.8333
rand 16777216 1 32768 459.1333 633.8000
rand 16777216 1 2097152 8.2000 17.0333
rand 16777216 2 4 345996.9000 347775.4333
rand 16777216 2 4096 4019.1667 5488.3000
rand 16777216 2 32768 862.7333 1190.2000
rand 16777216 2 2097152 16.9667 29.3000
rand 16777216 4 4 573768.7333 575544.4333
rand 16777216 4 4096 4792.4000 6453.7000
rand 16777216 4 32768 1623.6667 2251.1667
rand 16777216 4 2097152 31.8333 50.8667
rand 16777216 8 4 1136395.2333 1138172.6667
rand 16777216 8 4096 5459.9667 7162.7667
rand 16777216 8 32768 2794.2000 3858.7333
rand 16777216 8 2097152 60.9333 91.7667
rand 16777216 16 4 2261519.9333 2263301.2000
rand 16777216 16 4096 6576.9333 8297.7667
rand 16777216 16 32768 3978.6000 5445.1333
rand 16777216 16 2097152 117.4667 168.9000
rand 134217728 1 4 1766663.2667 1780541.5333
rand 134217728 1 4096 25166.1000 33905.5000
rand 134217728 1 32768 4560.4333 6361.0333
rand 134217728 1 2097152 74.0000 122.3667
rand 134217728 2 4 3427797.3000 3441686.5000
rand 134217728 2 4096 35567.8000 47337.9000
rand 134217728 2 32768 8648.5000 11852.6333
rand 134217728 2 2097152 141.8000 225.0667
rand 134217728 4 4 5591882.2667 5605763.8667
rand 134217728 4 4096 42489.6667 56001.7333
rand 134217728 4 32768 15375.6000 20930.2000
rand 134217728 4 2097152 269.6333 413.5333
rand 134217728 8 4 11074327.1667 11088211.1667
rand 134217728 8 4096 48706.0000 62576.7000
rand 134217728 8 32768 24992.3667 33733.3333
rand 134217728 8 2097152 523.5000 778.3000
rand 134217728 16 4 22060921.9667 22074795.8667
rand 134217728 16 4096 59485.5667 73365.5333
rand 134217728 16 32768 35146.5667 46906.7333
rand 134217728 16 2097152 1064.2000 1545.1333
