seq 2097152 1 4 211.7667 215.8000
seq 2097152 1 4096 69.3667 72.1667
seq 2097152 1 32768 68.5000 71.2667
seq 2097152 1 2097152 0.0000 1.0000
seq 2097152 2 4 355.0333 358.9000
seq 2097152 2 4096 69.9333 72.3333
seq 2097152 2 32768 68.9667 71.3667
seq 2097152 2 2097152 0.0000 1.0000
seq 2097152 4 4 640.8333 644.7333
seq 2097152 4 4096 71.2333 74.0000
seq 2097152 4 32768 69.0000 71.2667
seq 2097152 4 2097152 0.0000 1.0000
seq 2097152 8 4 1222.1333 1226.2000
seq 2097152 8 4096 74.6333 77.0667
seq 2097152 8 32768 69.2000 72.0000
seq 2097152 8 2097152 0.0000 1.0000
seq 2097152 16 4 2355.6667 2359.8333
seq 2097152 16 4096 79.6333 82.1333
seq 2097152 16 32768 70.0000 72.2667
seq 2097152 16 2097152 0.0000 1.0000
seq 16777216 1 4 2220.1333 2244.5333
seq 16777216 1 4096 987.6667 1013.2333
seq 16777216 1 32768 970.9000 996.8000
seq 16777216 1 2097152 966.1667 992.0667
seq 16777216 2 4 3890.1333 3914.9000
seq 16777216 2 4096 1031.8000 1057.7000
seq 16777216 2 32768 982.5000 1008.6333
seq 16777216 2 2097152 972.0667 998.2333
seq 16777216 4 4 6938.8667 6963.3000
seq 16777216 4 4096 1092.1333 1118.2000
seq 16777216 4 32768 997.3333 1023.4000
seq 16777216 4 2097152 968.7000 994.5667
seq 16777216 8 4 12925.4000 12951.1667
seq 16777216 8 4096 1216.6000 1242.4333
seq 16777216 8 32768 1009.8333 1035.7333
seq 16777216 8 2097152 969.2333 995.3333
seq 16777216 16 4 24905.8333 24930.8000
seq 16777216 16 4096 1474.2667 1499.9333
seq 16777216 16 32768 1044.1000 1069.8667
seq 16777216 16 2097152 974.2667 1000.2667
seq 134217728 1 4 19062.9667 19108.2333
seq 134217728 1 4096 8809.2667 8856.6000
seq 134217728 1 32768 8748.6000 8795.8333
seq 134217728 1 2097152 8740.5333 8787.7000
seq 134217728 2 4 31187.3333 31232.6333
seq 134217728 2 4096 9089.7333 9135.9667
seq 134217728 2 32768 8792.2333 8838.8333
seq 134217728 2 2097152 8745.9333 8792.3333
seq 134217728 4 4 55175.4333 55220.5000
seq 134217728 4 4096 9583.0333 9628.5333
seq 134217728 4 32768 8866.8333 8913.3667
seq 134217728 4 2097152 8744.9333 8791.4667
seq 134217728 8 4 103080.3000 103125.7333
seq 134217728 8 4096 10582.7000 10628.1667
seq 134217728 8 32768 9029.0000 9075.2333
seq 134217728 8 2097152 8743.8333 8790.4667
seq 134217728 16 4 198994.2333 199040.1667
seq 134217728 16 4096 12575.2667 12620.4667
seq 134217728 16 32768 9349.3333 9395.2000
seq 134217728 16 2097152 8764.3667 8811.1667
