seq 2097152 1 4 211.7667 215.8000
seq 2097152 1 4096 69.3667 72.1667
seq 2097152 1 32768 68.5000 71.2667
seq 2097152 1 2097152 0.0000 1.0000
seq 2097152 2 4 355.0333 358.9000
seq 2097152 2 4096 69.9333 72.3333
seq 2097152 2 32768 68.9667 71.3667
seq 2097152 2 2097152 0.0000 1.0000
seq 2097152 4 4 640.8333 644.7333
seq 2097152 4 4096 71.2333 74.0000
seq 2097152 4 32768 69.0000 71.2667
seq 2097152 4 2097152 0.0000 1.0000
seq 2097152 8 4 1222.1333 1226.2000
seq 2097152 8 4096 74.6333 77.0667
seq 2097152 8 32768 69.2000 72.0000
seq 2097152 8 2097152 0.0000 1.0000
seq 2097152 16 4 2355.6667 2359.8333
seq 2097152 16 4096 79.6333 82.1333
seq 2097152 16 32768 70.0000 72.2667
seq 2097152 16 2097152 0.0000 1.0000
seq 16777216 1 4 2220.1333 2244.5333
seq 16777216 1 4096 987.6667 1013.2333
seq 16777216 1 32768 970.9000 996.8000
seq 16777216 1 2097152 966.1667 992.0667
seq 16777216 2 4 3890.1333 3914.9000
seq 16777216 2 4096 1031.8000 1057.7000
seq 16777216 2 32768 982.5000 1008.6333
seq 16777216 2 2097152 972.0667 998.2333
seq 16777216 4 4 6938.8667 6963.3000
seq 16777216 4 4096 1092.1333 1118.2000
seq 16777216 4 32768 997.3333 1023.4000
seq 16777216 4 2097152 968.7000 994.5667
seq 16777216 8 4 12925.4000 12951.1667
seq 16777216 8 4096 1216.6000 1242.4333
seq 16777216 8 32768 1009.8333 1035.7333
seq 16777216 8 2097152 969.2333 995.3333
seq 16777216 16 4 24905.8333 24930.8000
seq 16777216 16 4096 1474.2667 1499.9333
seq 16777216 16 32768 1044.1000 1069.8667
seq 16777216 16 2097152 974.2667 1000.2667
seq 134217728 1 4 19062.9667 19108.2333
seq 134217728 1 4096 8809.2667 8856.6000
seq 134217728 1 32768 8748.6000 8795.8333
seq 134217728 1 2097152 8740.5333 8787.7000
seq 134217728 2 4 31187.3333 31232.6333
seq 134217728 2 4096 9089.7333 9135.9667
seq 134217728 2 32768 8792.2333 8838.8333
seq 134217728 2 2097152 8745.9333 8792.3333
seq 134217728 4 4 55175.4333 55220.5000
seq 134217728 4 4096 9583.0333 9628.5333
seq 134217728 4 32768 8866.8333 8913.3667
seq 134217728 4 2097152 8744.9333 8791.4667
seq 134217728 8 4 103080.3000 103125.7333
seq 134217728 8 4096 10582.7000 10628.1667
seq 134217728 8 32768 9029.0000 9075.2333
seq 134217728 8 2097152 8743.8333 8790.4667
seq 134217728 16 4 198994.2333 199040.1667
seq 134217728 16 4096 12575.2667 12620.4667
seq 134217728 16 32768 9349.3333 9395.2000
seq 134217728 16 2097152 8764.3667 8811.1667
rand 2097152 1 4 9136.8667 9143.9667
rand 2097152 1 4096 77.0333 80.1000
rand 2097152 1 32768 69.5667 72.3000
rand 2097152 1 2097152 68.8667 71.1667
rand 2097152 2 4 16531.0667 16535.5333
rand 2097152 2 4096 84.3333 87.5667
rand 2097152 2 32768 70.2667 73.1333
rand 2097152 2 2097152 68.9667 71.2000
rand 2097152 4 4 32134.4333 32138.8667
rand 2097152 4 4096 99.9667 103.4333
rand 2097152 4 32768 72.2000 75.0667
rand 2097152 4 2097152 68.9000 71.1667
rand 2097152 8 4 63411.8000 63416.4000
rand 2097152 8 4096 130.4667 133.9667
rand 2097152 8 32768 76.2000 79.1000
rand 2097152 8 2097152 69.0000 71.1667
rand 2097152 16 4 129816.7000 129821.0667
rand 2097152 16 4096 195.2000 198.6667
rand 2097152 16 32768 84.4000 87.5667
rand 2097152 16 2097152 69.0000 71.3000
rand 16777216 1 4 165325.5333 165349.3667
rand 16777216 1 4096 1239.9000 1266.1333
rand 16777216 1 32768 1106.9000 1133.3000
rand 16777216 1 2097152 669.1333 693.4667
rand 16777216 2 4 322205.0000 322231.9667
rand 16777216 2 4096 1400.6000 1426.6333
rand 16777216 2 32768 1123.8667 1150.4000
rand 16777216 2 2097152 949.5333 975.4667
rand 16777216 4 4 522786.9667 522813.9333
rand 16777216 4 4096 1605.9667 1632.1000
rand 16777216 4 32768 1153.1333 1179.6000
rand 16777216 4 2097152 1068.3000 1094.5667
rand 16777216 8 4 1038381.1333 1038408.0000
rand 16777216 8 4096 2116.0667 2141.9000
rand 16777216 8 32768 1220.6667 1246.9667
rand 16777216 8 2097152 1084.1667 1110.6333
rand 16777216 16 4 2069928.0667 2069955.0333
rand 16777216 16 4096 3155.5333 3181.5667
rand 16777216 16 32768 1338.1000 1364.3000
rand 16777216 16 2097152 1089.5000 1115.9333
rand 134217728 1 4 1581551.3667 1581598.4333
rand 134217728 1 4096 10509.4667 10555.8667
rand 134217728 1 32768 9119.8000 9166.4667
rand 134217728 1 2097152 5656.0667 5695.7667
rand 134217728 2 4 3087969.6333 3088016.7667
rand 134217728 2 4096 11995.1333 12041.6667
rand 134217728 2 32768 9316.2000 9362.6333
rand 134217728 2 2097152 7724.9333 7769.0333
rand 134217728 4 4 4732015.3667 4732062.5667
rand 134217728 4 4096 13611.0667 13656.3000
rand 134217728 4 32768 9525.9333 9572.4667
rand 134217728 4 2097152 8755.6000 8801.8333
rand 134217728 8 4 9405115.1000 9405162.7667
rand 134217728 8 4096 18160.9667 18206.2333
rand 134217728 8 32768 10110.2667 10156.7000
rand 134217728 8 2097152 8926.8000 8973.4667
rand 134217728 16 4 18749375.7667 18749423.3667
rand 134217728 16 4096 27288.7667 27334.0333
rand 134217728 16 32768 11273.8667 11320.0333
rand 134217728 16 2097152 8954.2333 9000.6333
