1 4 0.0471339 0.0471353
2 4 0.0460143 0.046015
4 4 0.0352563 0.0352566
8 4 0.0350368 0.035037
16 4 0.0349234 0.0349235
1 4096 0.320723 0.322139
2 4096 0.183031 0.183741
4 4096 0.103844 0.104189
8 4096 0.0692786 0.0694513
16 4096 0.0520492 0.0521355
1 32768 2.22651 2.23791
2 32768 1.13723 1.1429
4 32768 0.581417 0.584257
8 32768 0.308541 0.309958
16 32768 0.172026 0.17273
1 2097152 88.376 88.9964
2 2097152 60.351 60.6956
4 2097152 34.2016 34.3822
8 2097152 17.4352 17.5263
16 2097152 8.74437 8.78968
